c_Ar,c_C3H8,c_CH4,c_CO2,c_H2O,c_N2,c_O2,content_vol_Ar,content_vol_C3H8,content_vol_CH4,content_vol_CO2,content_vol_H2O,content_vol_N2,content_vol_O2,hf_furnace,hf_furnace_average,hr_burner_combustion,hr_gas_enclosure,hr_lining,hr_specimen,hr_specimen_combustion,hr_ventilation,hr_windows,length_specimen_charring,mass_Ar,mass_C3H8,mass_CH4,mass_CO2,mass_H2O,mass_N2,mass_O2,mass_co2_burner_produced,mass_co2_specimen_produced,mass_fuel_in,mass_h2o_burner_produced,mass_h2o_specimen_produced,mass_o2_burner_required,mass_o2_specimen_required,mass_specimen_in,mass_ventilation_in,mass_ventilation_ou,temperature_gas,temperature_gas_target,temperature_lining,temperature_specimen,time
521.360072,302.984955,302.984955,848.970798,1864.849945,1039.992921,918.611148,0.00928,0.0,0.0,3e-05,0.0,0.780711,0.209979,0.000484,0.0,-1.0,0.0,0.0,0.0,0.0,0.0,0.0,0.0,0.0128,0.0,0.0,4.6e-05,0.0,0.755154,0.232,0.0,0.0,0.0,0.0,0.0,0.0,0.0,0.0,1.0,1.0,298.15,298.15,298.15,298.15,0.0
520.841123,419.714602,419.714602,950.536308,1914.13169,1047.768529,948.391278,0.009157,0.0,0.0,0.019421,0.026113,0.770418,0.174891,2842.168221,918.204365,1301946.851147,-208360.434532,-583315.241953,-50263.242488,0.0,-459148.999389,-858.932785,3e-06,0.018412,0.028029,0.0,6.6e-05,0.0,1.086232,0.333715,0.083934,0.0,0.028029,0.04628,0.0,0.101715,0.0,0.0,1.466454,1.837586,539.294651,539.294651,298.15,298.150002,30.0
520.769658,463.30972,463.30972,981.01776,1938.308088,1054.184808,961.581051,0.009072,0.0,0.0,0.032924,0.044298,0.76325,0.150455,9660.174718,3503.561844,1584528.819623,-101977.249173,-815232.57792,-69610.488606,0.0,-596061.908857,-1646.595067,6e-06,0.01963,0.034113,0.0,7.1e-05,0.0,1.158092,0.355791,0.102151,0.0,0.034113,0.056325,0.0,0.123791,0.0,0.0,1.567696,1.720073,627.363666,627.363666,298.15,298.150142,60.0
520.731963,490.68843,490.68843,998.584328,1954.324828,1058.920509,969.6944,0.009019,0.0,0.0,0.041393,0.055702,0.758755,0.135132,17785.760517,6893.97183,1823015.728861,-66061.174325,-959219.208612,-81899.485322,0.0,-713494.639439,-2341.221163,7e-06,0.020658,0.039247,0.0,7.4e-05,0.0,1.218738,0.374423,0.117526,0.0,0.039247,0.064803,0.0,0.142423,0.0,0.0,1.65314,1.742245,682.460457,682.460457,298.150003,298.151725,90.0
520.706423,510.695652,510.695652,1010.698857,1966.355732,1062.672179,975.525009,0.008987,0.0,0.0,0.046505,0.062586,0.756041,0.125881,26348.783411,10684.717674,2020428.560101,-48313.087077,-1060041.554808,-94774.313927,0.0,-814333.39033,-2966.213959,8e-06,0.021509,0.043497,0.0,7.7e-05,0.0,1.268939,0.389846,0.130253,0.0,0.043497,0.07182,0.0,0.157846,0.0,0.0,1.723867,1.784678,722.654878,722.654878,298.150049,298.159272,120.0
520.687372,526.47028,526.47028,1019.850064,1975.987008,1065.759921,980.004214,0.008966,0.0,0.0,0.04978,0.066997,0.754302,0.119954,35019.988263,14685.498135,2182875.567968,-37823.989037,-1134561.830195,-105222.096466,0.0,-901729.887715,-3537.764555,9e-06,0.022209,0.046994,0.0,8e-05,0.0,1.310248,0.402537,0.140725,0.0,0.046994,0.077594,0.0,0.170537,0.0,0.0,1.782068,1.827367,754.315657,754.315657,298.150397,298.18182,150.0
520.673297,539.494161,539.494161,1027.150075,1984.034478,1068.378011,983.615209,0.008951,0.0,0.0,0.052068,0.070078,0.753088,0.115815,43655.169318,18795.849304,2318750.123576,-30938.461417,-1191146.058275,-113976.140702,0.0,-978622.650944,-4066.812238,9e-06,0.022795,0.049919,0.0,8.2e-05,0.0,1.3448,0.413152,0.149485,0.0,0.049919,0.082424,0.0,0.181152,0.0,0.0,1.830748,1.866445,780.439303,780.439303,298.151956,298.231693,180.0
520.662456,550.585677,550.585677,1033.196722,1990.953917,1070.648952,986.629766,0.008941,0.0,0.0,0.053768,0.072367,0.752186,0.112739,52186.483011,22958.286858,2429480.622105,-26093.571448,-1234636.795048,-117951.435369,0.0,-1046237.767503,-4561.052737,9e-06,0.023272,0.052303,0.0,8.4e-05,0.0,1.372958,0.421803,0.156623,0.0,0.052303,0.08636,0.0,0.189803,0.0,0.0,1.87042,1.899657,802.677309,802.677309,298.156897,298.321932,210.0
520.653762,560.244847,560.244847,1038.342307,1997.031923,1072.653587,989.215421,0.008933,0.0,0.0,0.055039,0.07408,0.751511,0.110438,60581.601567,27138.060792,2519423.829705,-22508.689198,-1268135.144493,-117835.862822,0.0,-1105918.012567,-5026.120625,9e-06,0.02366,0.054239,0.0,8.5e-05,0.0,1.395831,0.42883,0.162422,0.0,0.054239,0.089558,0.0,0.19683,0.0,0.0,1.902645,1.927285,822.037309,822.037309,298.169221,298.464423,240.0
520.646581,568.799659,568.799659,1042.811664,2002.455748,1074.447717,991.477996,0.008927,0.0,0.0,0.056012,0.075389,0.750995,0.108678,68826.057679,31313.366131,2588510.298838,-19754.957835,-1293775.087421,-111403.767034,0.0,-1158110.204405,-5466.282142,1e-05,0.023957,0.055727,0.0,8.6e-05,0.0,1.413399,0.434227,0.166875,0.0,0.055727,0.092013,0.0,0.202227,0.0,0.0,1.927396,1.948605,839.179595,839.179595,298.195057,298.670208,270.0
520.640511,576.476931,576.476931,1046.757956,2007.352751,1076.071363,993.487735,0.008922,0.0,0.0,0.056708,0.076326,0.750625,0.107419,76914.828249,35470.188609,2640096.115054,-17575.605026,-1313105.750416,-99872.38294,0.0,-1203657.518769,-5884.857903,1e-05,0.02418,0.056837,0.0,8.7e-05,0.0,1.426517,0.438258,0.170201,0.0,0.056837,0.093847,0.0,0.206258,0.0,0.0,1.945878,1.96445,854.560431,854.560431,298.242617,298.952064,300.0
520.635289,583.440063,583.440063,1050.27852,2011.816442,1077.554167,995.284845,0.008919,0.0,0.0,0.057206,0.076997,0.750361,0.106518,84848.026976,39599.406631,2675373.556374,-15809.662056,-1327298.261196,-82887.452258,0.0,-1243093.688658,-6284.492206,1e-05,0.024332,0.057597,0.0,8.7e-05,0.0,1.435488,0.441014,0.172475,0.0,0.057597,0.095101,0.0,0.209014,0.0,0.0,1.958517,1.974998,868.508317,868.508317,298.321849,299.32474,330.0
520.63073,589.810681,589.810681,1053.451278,2015.917473,1078.918673,996.906291,0.008917,0.0,0.0,0.057571,0.077489,0.750167,0.105856,92628.581093,43695.075154,2707666.990025,-14352.29775,-1337265.828632,-69809.921227,0.0,-1279571.611019,-6667.331398,1e-05,0.024471,0.058292,0.0,8.8e-05,0.0,1.4437,0.443536,0.174557,0.0,0.058292,0.096249,0.0,0.211536,0.0,0.0,1.970087,1.984903,881.267648,881.267648,298.443917,299.799242,360.0
520.626701,595.681762,595.681762,1056.337078,2019.710521,1080.182419,998.382594,0.008914,0.0,0.0,0.057951,0.078001,0.749965,0.105169,100260.928972,47753.366127,2745065.187112,-13131.497165,-1343737.523841,-65646.609628,0.0,-1315514.410422,-7035.146056,1e-05,0.024632,0.059097,0.0,8.9e-05,0.0,1.45321,0.446458,0.176968,0.0,0.059097,0.097578,0.0,0.214458,0.0,0.0,1.983486,1.996947,893.025175,893.025175,298.620604,300.379363,390.0
520.623105,601.125982,601.125982,1058.981977,2023.238761,1081.359039,999.736755,0.008912,0.0,0.0,0.058369,0.078564,0.749743,0.104412,107750.269851,51771.891521,2784429.250561,-12094.347506,-1347305.854723,-67081.966028,0.0,-1350557.665142,-7389.417162,1.1e-05,0.024802,0.059945,0.0,8.9e-05,0.0,1.46322,0.449534,0.179506,0.0,0.059945,0.098978,0.0,0.217534,0.0,0.0,1.997589,2.009915,903.926825,903.926825,298.863744,301.062615,420.0
520.619866,606.201227,606.201227,1061.41958,2026.53688,1082.457283,1000.984458,0.008909,0.0,0.0,0.058755,0.079083,0.749538,0.103715,115102.124169,55749.258356,2819231.231583,-11201.769278,-1348458.778302,-68640.162588,0.0,-1383199.123006,-7731.398409,1.1e-05,0.024952,0.060694,0.0,9e-05,0.0,1.47207,0.452252,0.18175,0.0,0.060694,0.100215,0.0,0.220252,0.0,0.0,2.010058,2.021416,914.088793,914.088793,299.184738,301.842354,450.0
520.616929,610.954351,610.954351,1063.678531,2029.63316,1083.486362,1002.14015,0.008907,0.0,0.0,0.059093,0.079539,0.749359,0.103102,122322.074235,59684.769183,2849885.532259,-10426.72074,-1347602.089019,-70163.369582,0.0,-1413631.190649,-8062.162269,1.1e-05,0.025084,0.061354,0.0,9e-05,0.0,1.479865,0.454647,0.183726,0.0,0.061354,0.101305,0.0,0.222647,0.0,0.0,2.021041,2.03157,923.605108,923.605108,299.594165,302.709829,480.0
520.614247,615.423816,615.423816,1065.782501,2032.55097,1084.454481,1003.216071,0.008718,0.0,0.0,0.075029,0.090696,0.733472,0.092085,129415.612177,63578.216414,1163156.371027,-9868.020007,-1345075.636984,-70876.340749,1347511.945639,-1076465.684233,-8382.634692,1e-05,0.017814,0.025041,0.0,6.4e-05,0.0,1.050939,0.322872,0.074986,0.136369,0.025041,0.041347,0.055836,0.090872,0.099155,0.070922,1.416729,1.514257,932.552936,932.552936,300.101513,303.656022,510.0
520.611785,619.641578,619.641578,1067.750804,2035.309837,1085.368466,1004.2222,0.008588,0.0,0.0,0.086227,0.098861,0.722544,0.083779,136388.052882,67429.738673,1269918.925943,-9337.579781,-1341495.182888,-71043.010507,1286017.563096,-1125367.094161,-8693.621701,1e-05,0.018274,0.027339,0.0,6.6e-05,0.0,1.078088,0.331212,0.081869,0.130145,0.027339,0.045142,0.053288,0.099212,0.09463,0.067685,1.454979,1.55172,940.996387,940.996387,300.715,304.676839,540.0
520.609512,623.634484,623.634484,1069.599399,2037.926246,1086.234057,1005.166778,0.008566,0.0,0.0,0.088223,0.100445,0.720689,0.082078,143244.486835,71239.719062,1285922.430043,-8805.747919,-1336948.041617,-71111.625399,1285864.677138,-1145925.862168,-8995.830079,1e-05,0.018343,0.027684,0.0,6.6e-05,0.0,1.082157,0.332463,0.082901,0.13013,0.027684,0.045711,0.053282,0.100463,0.094618,0.067677,1.460713,1.557472,948.9893,948.9893,301.441484,305.7797,570.0
520.607406,627.425299,627.425299,1071.340258,2040.414923,1087.055445,1006.056688,0.00856,0.0,0.0,0.088817,0.100984,0.720185,0.081454,149989.757579,75008.71222,1287645.525839,-8320.566437,-1331431.758998,-71168.557189,1293908.437314,-1161343.196853,-9289.883676,1e-05,0.01835,0.027721,0.0,6.6e-05,0.0,1.082596,0.332597,0.083012,0.130944,0.027721,0.045772,0.053615,0.100597,0.09521,0.0681,1.46133,1.558229,956.577332,956.577332,302.286441,306.980408,600.0
520.605446,631.033499,631.033499,1072.982901,2042.788794,1087.835938,1006.897733,0.008557,0.0,0.0,0.089188,0.101336,0.719882,0.081037,156628.454386,78737.391544,1285799.095399,-7882.814265,-1325112.508206,-70997.839375,1302801.159147,-1175030.756276,-9576.336424,1e-05,0.018342,0.027681,0.0,6.6e-05,0.0,1.082126,0.332453,0.082893,0.131844,0.027681,0.045706,0.053984,0.100453,0.095865,0.068568,1.460669,1.55775,963.799529,963.799529,303.253995,308.28206,630.0
520.603615,634.475872,634.475872,1074.537405,2045.058047,1088.579383,1007.694851,0.008554,0.0,0.0,0.089506,0.101631,0.719617,0.080692,163164.914215,82426.510689,1282161.482744,-7486.863992,-1318136.820284,-70590.83468,1311490.770197,-1187582.051145,-9855.682838,1e-05,0.018327,0.027603,0.0,6.6e-05,0.0,1.081201,0.332169,0.082658,0.132723,0.027603,0.045577,0.054344,0.100169,0.096504,0.069026,1.459365,1.556652,970.689552,970.689552,304.346977,309.668399,660.0
520.601899,637.766992,637.766992,1076.01241,2047.231559,1089.289121,1008.452274,0.008551,0.0,0.0,0.089799,0.101892,0.719365,0.080393,169603.22923,86076.87532,1277377.138273,-7127.199554,-1310630.637074,-70092.785186,1319827.753899,-1199225.903794,-10128.366564,1e-05,0.018306,0.0275,0.0,6.6e-05,0.0,1.079984,0.331795,0.08235,0.133567,0.0275,0.045407,0.054689,0.099795,0.097118,0.069465,1.457651,1.555158,977.276617,977.276617,305.567022,311.117965,690.0
520.600286,640.919595,640.919595,1077.415367,2049.317122,1089.968059,1009.173662,0.008548,0.0,0.0,0.090072,0.102127,0.719125,0.080129,175947.257483,89689.322311,1271700.288601,-6799.140639,-1302701.400488,-69540.350454,1327808.051958,-1210072.661567,-10394.787412,1e-05,0.018281,0.027378,0.0,6.6e-05,0.0,1.078541,0.331352,0.081984,0.134375,0.027378,0.045205,0.05502,0.099352,0.097705,0.069885,1.455617,1.553353,983.586248,983.586248,306.914672,312.611327,720.0
520.598766,643.94487,643.94487,1078.752743,2051.321613,1090.618747,1009.862195,0.008545,0.0,0.0,0.090328,0.102342,0.718894,0.079891,182200.63525,93264.704394,1266827.434832,-6498.768331,-1294440.480756,-70036.795047,1335413.753471,-1220609.836986,-10655.307183,1e-05,0.01826,0.027273,0.0,6.6e-05,0.0,1.077302,0.330971,0.08167,0.135144,0.027273,0.045032,0.055335,0.098971,0.098264,0.070285,1.453872,1.551848,989.640874,989.640874,308.389491,314.133395,750.0
520.59733,646.852705,646.852705,1080.030184,2053.251132,1091.243428,1010.520655,0.008542,0.0,0.0,0.090582,0.102579,0.718684,0.079613,188366.790038,96803.878844,1266676.559384,-6222.847954,-1285925.413731,-73666.933645,1342111.055368,-1232062.16488,-10910.254542,1e-05,0.01826,0.02727,0.0,6.6e-05,0.0,1.077263,0.330959,0.08166,0.135822,0.02727,0.045026,0.055613,0.098959,0.098757,0.070637,1.453818,1.552005,995.460308,995.460308,309.990178,315.673577,780.0
520.59597,649.651877,649.651877,1081.252629,2055.111092,1091.844092,1011.151471,0.00854,0.0,0.0,0.090816,0.102801,0.718493,0.079349,194448.953672,100307.699152,1264883.562608,-5968.438457,-1277277.885708,-76271.614825,1348421.347207,-1242627.041723,-11159.929102,1e-05,0.018252,0.027231,0.0,6.6e-05,0.0,1.076807,0.330819,0.081544,0.136461,0.027231,0.044963,0.055874,0.098819,0.099222,0.07097,1.453175,1.551555,1001.062142,1001.062142,311.714684,317.225167,810.0
520.59468,652.350217,652.350217,1082.423907,2056.90581,1092.422508,1011.756257,0.008538,0.0,0.0,0.091029,0.102988,0.718308,0.079137,200450.175065,103777.008954,1259436.234026,-5733.034641,-1268571.219521,-76706.786924,1354724.213348,-1251744.801388,-11404.6049,1e-05,0.018229,0.027114,0.0,6.6e-05,0.0,1.075422,0.330393,0.081193,0.137099,0.027114,0.044769,0.056135,0.098393,0.099685,0.071301,1.451224,1.549805,1006.462063,1006.462063,313.560315,318.784633,840.0
520.593452,654.954736,654.954736,1083.547721,2058.639476,1092.980257,1012.336758,0.008536,0.0,0.0,0.091222,0.103125,0.718117,0.079,206373.33247,107212.63764,1248712.415313,-5514.70795,-1259807.543958,-74081.2488,1361277.609356,-1258941.990622,-11644.533339,1e-05,0.018182,0.026883,0.0,6.5e-05,0.0,1.072695,0.329556,0.080502,0.137762,0.026883,0.044388,0.056407,0.097556,0.100168,0.071646,1.447381,1.546192,1011.674122,1011.674122,315.523835,320.358514,870.0
520.592283,657.471741,657.471741,1084.627623,2060.316122,1093.518757,1012.89478,0.008533,0.0,0.0,0.091404,0.103225,0.717917,0.078921,212221.145072,110615.397239,1236516.216816,-5311.719276,-1251007.273584,-71016.073722,1367991.039235,-1265292.243746,-11879.945724,1e-05,0.01813,0.02662,0.0,6.5e-05,0.0,1.069594,0.328603,0.079715,0.138441,0.02662,0.043954,0.056685,0.096603,0.100662,0.072,1.443012,1.542091,1016.710953,1016.710953,317.601559,321.993494,900.0
520.591168,659.906922,659.906922,1085.666783,2061.939392,1094.039287,1013.431938,0.008531,0.0,0.0,0.091586,0.103333,0.717721,0.078829,217996.183871,113986.080268,1226997.717646,-5122.591969,-1242194.40993,-69719.768759,1374239.678223,-1272089.569784,-12111.055428,1e-05,0.018089,0.026415,0.0,6.5e-05,0.0,1.067173,0.327859,0.079102,0.139074,0.026415,0.043616,0.056944,0.095859,0.101121,0.072328,1.439602,1.538942,1021.583954,1021.583954,319.789439,323.755825,930.0
520.590101,662.265431,662.265431,1086.668048,2063.512591,1094.543,1013.949682,0.008529,0.0,0.0,0.091761,0.103444,0.717538,0.078728,223700.881838,117325.45832,1218569.344929,-4945.951452,-1233391.784002,-69084.331748,1380074.178446,-1278883.39639,-12338.059783,1e-05,0.018052,0.026234,0.0,6.5e-05,0.0,1.06503,0.327201,0.078558,0.139664,0.026234,0.043316,0.057186,0.095201,0.101551,0.072635,1.436582,1.536165,1026.30345,1026.30345,322.083143,325.637138,960.0
520.589081,664.55195,664.55195,1087.633981,2065.038725,1095.030945,1014.449317,0.008527,0.0,0.0,0.091928,0.103552,0.717365,0.078628,229337.543355,120634.281192,1210711.833707,-4780.60998,-1224619.615463,-68810.38423,1385600.716014,-1285540.798337,-12561.141711,1e-05,0.018019,0.026065,0.0,6.5e-05,0.0,1.063032,0.326587,0.078052,0.140223,0.026065,0.043037,0.057415,0.094587,0.101957,0.072926,1.433767,1.533581,1030.878816,1030.878816,324.478124,327.548193,990.0
520.588103,666.770744,666.770744,1088.566899,2066.52054,1095.504074,1014.932024,0.008525,0.0,0.0,0.092087,0.103656,0.717201,0.078532,234908.352961,123913.276445,1203017.108246,-4625.530593,-1215895.214918,-68640.933417,1390884.890746,-1291959.848915,-12780.471149,1e-05,0.017985,0.025899,0.0,6.5e-05,0.0,1.061075,0.325986,0.077556,0.140758,0.025899,0.042763,0.057634,0.093986,0.102346,0.073204,1.43101,1.531048,1035.318596,1035.318596,326.969682,329.442326,1020.0
520.587164,668.92571,668.92571,1089.468901,2067.960544,1095.963256,1015.398874,0.008523,0.0,0.0,0.092239,0.103752,0.717042,0.078445,240415.383443,127163.149275,1195201.717232,-4479.798739,-1207233.096676,-68408.892164,1395985.741621,-1298069.46497,-12996.206304,1e-05,0.017952,0.025731,0.0,6.5e-05,0.0,1.059088,0.325375,0.077052,0.141274,0.025731,0.042486,0.057845,0.093375,0.102722,0.073473,1.42821,1.528467,1039.630594,1039.630594,329.553017,331.302644,1050.0
520.586261,671.020417,671.020417,1090.341894,2069.36104,1096.409286,1015.850839,0.008521,0.0,0.0,0.092384,0.10384,0.716888,0.078367,245860.603315,130384.582621,1187284.988093,-4342.607318,-1198645.234252,-68123.935811,1400924.856353,-1303889.572315,-13208.494751,1e-05,0.017918,0.02556,0.0,6.4e-05,0.0,1.057074,0.324757,0.076542,0.141774,0.02556,0.042204,0.05805,0.092757,0.103085,0.073733,1.425374,1.525846,1043.821961,1043.821961,332.223271,333.127278,1080.0
520.585393,673.058143,673.058143,1091.18762,2070.724145,1096.842892,1016.288809,0.008519,0.0,0.0,0.092523,0.103922,0.716738,0.078297,251245.883718,133578.237451,1179314.205049,-4213.238828,-1190144.276642,-67801.11557,1405709.539959,-1309447.639568,-13417.4744,1.1e-05,0.017883,0.025389,0.0,6.4e-05,0.0,1.055048,0.324134,0.076028,0.142258,0.025389,0.041921,0.058248,0.092134,0.103437,0.073985,1.422518,1.523203,1047.899263,1047.899263,334.975573,334.921676,1110.0
520.584557,675.041908,675.041908,1092.007618,2072.051811,1097.264745,1016.713544,0.008518,0.0,0.0,0.092657,0.103999,0.716592,0.078235,256573.004794,136744.753178,1171346.923861,-4091.025631,-1181756.363764,-67446.418649,1410343.734737,-1314773.576189,-13623.274365,1.1e-05,0.017849,0.025217,0.0,6.4e-05,0.0,1.053021,0.323511,0.075514,0.142727,0.025217,0.041638,0.05844,0.091511,0.103778,0.074229,1.419663,1.520558,1051.868544,1051.868544,337.805065,336.694334,1140.0
520.583751,676.974495,676.974495,1092.803051,2073.34584,1097.675463,1017.125495,0.008516,0.0,0.0,0.092786,0.10407,0.71645,0.078178,261843.661567,139884.748165,1163370.227077,-3975.394008,-1173489.287441,-67039.294036,1414834.729767,-1319874.965642,-13826.015716,1.1e-05,0.017815,0.025046,0.0,6.4e-05,0.0,1.050993,0.322888,0.075,0.143182,0.025046,0.041354,0.058626,0.090888,0.104109,0.074465,1.416806,1.517906,1055.73538,1055.73538,340.706934,338.454495,1170.0
520.582973,678.858478,678.858478,1093.575238,2074.607899,1098.075614,1017.525327,0.008514,0.0,0.0,0.09291,0.104138,0.716312,0.078126,267059.469373,142998.820299,1155992.182559,-3865.864136,-1165340.540021,-66989.28337,1419171.845245,-1324942.528107,-14025.81217,1.1e-05,0.017783,0.024887,0.0,6.4e-05,0.0,1.049117,0.322312,0.074524,0.143621,0.024887,0.041092,0.058806,0.090312,0.104428,0.074693,1.414162,1.515467,1059.504927,1059.504927,343.676439,340.211106,1200.0
520.582222,680.696243,680.696243,1094.325445,2075.839535,1098.465727,1017.9137,0.008513,0.0,0.0,0.093034,0.104218,0.716183,0.078052,272221.968879,146087.547609,1151063.577644,-3761.988707,-1157307.49373,-68299.336561,1423120.666429,-1330592.654381,-14222.770694,1.1e-05,0.017761,0.024781,0.0,6.4e-05,0.0,1.047864,0.321927,0.074207,0.14402,0.024781,0.040917,0.058969,0.089927,0.104718,0.074901,1.412396,1.513889,1063.181961,1063.181961,346.70893,342.01638,1230.0
520.581495,682.490003,682.490003,1095.054838,2077.042185,1098.846291,1018.291227,0.008511,0.0,0.0,0.093152,0.104297,0.716065,0.077975,277332.630721,149151.488905,1145889.614861,-3663.327763,-1149388.358626,-69302.575435,1426867.167434,-1335985.52842,-14416.992051,1.1e-05,0.017739,0.024669,0.0,6.4e-05,0.0,1.046548,0.321523,0.073873,0.144399,0.024669,0.040733,0.059125,0.089523,0.104994,0.075098,1.410543,1.512206,1066.770913,1066.770913,349.799869,344.142795,1260.0
520.580792,684.241817,684.241817,1095.764493,2078.217186,1099.21776,1018.658469,0.00851,0.0,0.0,0.093261,0.104363,0.715947,0.077919,282392.859785,152191.184441,1138965.388,-3569.494037,-1141581.849271,-69205.980534,1430647.965838,-1340647.458706,-14608.571291,1.1e-05,0.017709,0.02452,0.0,6.4e-05,0.0,1.044787,0.320982,0.073427,0.144782,0.02452,0.040487,0.059281,0.088982,0.105272,0.075297,1.408062,1.509898,1070.275906,1070.275906,352.944844,346.668641,1290.0
520.580112,685.9536,685.9536,1096.455408,2079.365786,1099.580556,1019.015949,0.008508,0.0,0.0,0.093365,0.104407,0.715824,0.077896,287403.999185,155207.156569,1129693.188455,-3480.144993,-1133886.856146,-67743.650971,1434596.838326,-1344381.776478,-14797.598193,1.1e-05,0.017669,0.024321,0.0,6.3e-05,0.0,1.042429,0.320257,0.072829,0.145182,0.024321,0.040157,0.059445,0.088257,0.105563,0.075505,1.40474,1.506762,1073.700777,1073.700777,356.139581,348.94653,1320.0
520.579452,687.627142,687.627142,1097.128508,2080.489148,1099.935074,1019.364152,0.008507,0.0,0.0,0.093466,0.104441,0.715696,0.07789,292367.333933,158199.910401,1120384.612924,-3394.985466,-1126302.252099,-66349.28093,1438571.000215,-1347924.936984,-14984.157661,1.1e-05,0.017629,0.02412,0.0,6.3e-05,0.0,1.040062,0.31953,0.072229,0.145584,0.02412,0.039826,0.05961,0.08753,0.105855,0.075714,1.401405,1.503625,1077.049108,1077.049108,359.379946,350.951125,1350.0
520.578812,689.264115,689.264115,1097.784652,2081.588361,1100.281681,1019.703525,0.008505,0.0,0.0,0.093568,0.104478,0.71557,0.077878,297284.094348,161169.934457,1112098.751481,-3313.739998,-1118826.797928,-65507.624578,1442353.682541,-1351635.941431,-15168.330087,1.1e-05,0.017594,0.023942,0.0,6.3e-05,0.0,1.037955,0.318883,0.071695,0.145967,0.023942,0.039532,0.059766,0.086883,0.106133,0.075913,1.398436,1.500848,1080.324246,1080.324246,362.661951,352.787041,1380.0
520.578191,690.866082,690.866082,1098.42464,2082.664444,1100.620721,1020.034487,0.008504,0.0,0.0,0.093667,0.104519,0.715451,0.077859,302155.459221,164117.701302,1104571.20742,-3236.144288,-1111459.106638,-65030.990983,1445942.465499,-1355437.239334,-15350.191677,1.1e-05,0.017561,0.02378,0.0,6.3e-05,0.0,1.036041,0.318295,0.071209,0.14633,0.02378,0.039264,0.059915,0.086295,0.106398,0.076102,1.395739,1.498333,1083.529322,1083.529322,365.981759,354.534433,1410.0
520.577588,692.434509,692.434509,1099.049217,2083.718355,1100.952516,1020.357427,0.008503,0.0,0.0,0.093762,0.10456,0.715337,0.077837,306982.55875,167043.668162,1097526.808132,-3161.959084,-1104197.639861,-64762.383747,1449373.056181,-1359248.066871,-15529.814749,1.1e-05,0.017531,0.023628,0.0,6.3e-05,0.0,1.034249,0.317744,0.070755,0.146677,0.023628,0.039014,0.060057,0.085744,0.10665,0.076283,1.393216,1.495983,1086.667272,1086.667272,369.335679,356.248612,1440.0
520.577001,693.970772,693.970772,1099.659079,2084.75099,1101.277367,1020.67271,0.008501,0.0,0.0,0.093855,0.104601,0.715228,0.077815,311766.477266,169948.277531,1090732.935959,-3090.966592,-1097041.657887,-64574.939022,1452681.551423,-1362999.655877,-15707.268005,1.1e-05,0.017501,0.023482,0.0,6.3e-05,0.0,1.032522,0.317214,0.070317,0.147012,0.023482,0.038772,0.060194,0.085214,0.106893,0.076457,1.390781,1.493716,1089.740848,1089.740848,372.720172,357.96516,1470.0
520.576431,695.476163,695.476163,1100.254877,2085.763196,1101.595559,1020.980676,0.0085,0.0,0.0,0.093944,0.10464,0.715122,0.077793,316508.25578,172831.957749,1084089.414218,-3022.967921,-1089994.262955,-64414.173698,1455890.044497,-1366665.437369,-15882.616772,1.1e-05,0.017473,0.023339,0.0,6.3e-05,0.0,1.030832,0.316694,0.069889,0.147337,0.023339,0.038536,0.060327,0.084694,0.10713,0.076626,1.388401,1.491499,1092.75264,1092.75264,376.131849,359.708758,1500.0
520.575877,696.9519,696.9519,1100.83722,2086.755766,1101.907357,1021.281641,0.008499,0.0,0.0,0.094031,0.104678,0.715019,0.077773,321208.89434,175695.123566,1077555.066378,-2957.78048,-1083056.383307,-64257.194327,1459009.779164,-1370237.564191,-16055.923236,1.1e-05,0.017445,0.023198,0.0,6.3e-05,0.0,1.029171,0.316184,0.069468,0.147652,0.023198,0.038304,0.060457,0.084184,0.107359,0.07679,1.38606,1.489317,1095.705082,1095.705082,379.567469,361.49603,1530.0
520.575337,698.399127,698.399127,1101.406678,2087.729451,1102.213012,1021.575905,0.008498,0.0,0.0,0.094115,0.104714,0.714918,0.077756,325869.35424,178538.176679,1071107.435611,-2895.236067,-1076225.588844,-64093.431569,1462047.876313,-1373713.8088,-16227.246644,1.1e-05,0.017417,0.023059,0.0,6.3e-05,0.0,1.027531,0.31568,0.069052,0.14796,0.023059,0.038075,0.060582,0.08368,0.107583,0.07695,1.38375,1.487163,1098.600469,1098.600469,383.023946,363.337593,1560.0
520.574811,699.818926,699.818926,1101.963761,2088.68493,1102.512733,1021.863748,0.008497,0.0,0.0,0.094197,0.104747,0.71482,0.07774,330490.560077,181361.506259,1064731.309772,-2835.121832,-1069498.312116,-63917.109361,1465009.795848,-1377093.918818,-16396.643493,1.1e-05,0.017389,0.022922,0.0,6.2e-05,0.0,1.02591,0.315182,0.068641,0.148259,0.022922,0.037848,0.060705,0.083182,0.107801,0.077106,1.381466,1.485031,1101.440963,1101.440963,386.498347,365.239686,1590.0
520.574298,701.212316,701.212316,1102.508828,2089.622728,1102.8066,1022.145432,0.008495,0.0,0.0,0.094276,0.104779,0.714723,0.077726,335073.401665,184165.489441,1058397.09068,-2777.299814,-1062870.900717,-63713.451039,1467901.286203,-1380372.557604,-16564.167708,1.1e-05,0.017362,0.022786,0.0,6.2e-05,0.0,1.024299,0.314687,0.068233,0.148552,0.022786,0.037623,0.060825,0.082687,0.108013,0.077258,1.379196,1.482912,1104.228608,1104.228608,389.98789,368.200682,1620.0
520.573799,702.580263,702.580263,1103.042344,2090.543467,1103.094811,1022.421205,0.008494,0.0,0.0,0.094353,0.104808,0.714628,0.077716,339618.735836,186950.49181,1051970.731814,-2721.695557,-1056339.935854,-63406.30918,1470736.5802,-1383509.500626,-16729.870798,1.1e-05,0.017334,0.022647,0.0,6.2e-05,0.0,1.022665,0.314185,0.067818,0.148839,0.022647,0.037394,0.060942,0.082185,0.108222,0.077407,1.376894,1.480757,1106.965334,1106.965334,393.489939,372.297892,1650.0
520.573311,703.923678,703.923678,1103.564765,2091.447756,1103.377579,1022.6913,0.008493,0.0,0.0,0.094428,0.104833,0.714534,0.077711,344127.388115,189716.867853,1045318.387969,-2668.185051,-1049902.284828,-62935.637423,1473541.638644,-1386460.117306,-16893.802006,1.1e-05,0.017306,0.022504,0.0,6.2e-05,0.0,1.020973,0.313665,0.067389,0.149123,0.022504,0.037158,0.061059,0.081665,0.108428,0.077555,1.374511,1.47852,1109.652969,1109.652969,397.001994,373.160008,1680.0
520.572835,705.243427,705.243427,1104.076525,2092.336174,1103.655102,1022.955937,0.008492,0.0,0.0,0.094503,0.104862,0.714443,0.077701,348600.154293,192464.961399,1039823.555851,-2616.659755,-1043555.076202,-63113.832961,1476211.995081,-1389693.97357,-17056.008445,1.1e-05,0.017282,0.022386,0.0,6.2e-05,0.0,1.019576,0.313236,0.067035,0.149393,0.022386,0.036962,0.061169,0.081236,0.108625,0.077695,1.372542,1.476696,1112.293241,1112.293241,400.521686,374.259979,1710.0
520.572371,706.540328,706.540328,1104.578032,2093.209268,1103.927568,1023.215324,0.008491,0.0,0.0,0.094575,0.104894,0.714357,0.077683,353037.801897,195195.10604,1034646.428079,-2567.009987,-1037295.660617,-63354.28797,1478729.920655,-1392942.854935,-17216.535225,1.1e-05,0.01726,0.022274,0.0,6.2e-05,0.0,1.018259,0.312832,0.066701,0.149648,0.022274,0.036778,0.061274,0.080832,0.10881,0.077828,1.370687,1.474973,1114.887793,1114.887793,404.046773,375.562889,1740.0
520.571917,707.81516,707.81516,1105.06967,2094.067559,1104.195158,1023.469657,0.00849,0.0,0.0,0.094644,0.104919,0.714272,0.077674,357441.071573,197907.625528,1028562.863817,-2519.13029,-1031121.575416,-63023.026941,1481265.550242,-1395789.255844,-17375.425567,1.1e-05,0.017233,0.022143,0.0,6.2e-05,0.0,1.016712,0.312356,0.066309,0.149905,0.022143,0.036562,0.061379,0.080356,0.108997,0.077961,1.368508,1.472925,1117.438179,1117.438179,407.575129,377.034487,1770.0
520.571474,709.068661,709.068661,1105.551805,2094.911541,1104.458039,1023.71912,0.008489,0.0,0.0,0.09471,0.104937,0.714185,0.077679,361810.678382,200602.834162,1021774.275957,-2472.930839,-1025030.516692,-62305.421155,1483864.770152,-1398297.45651,-17532.720914,1.1e-05,0.017204,0.021997,0.0,6.2e-05,0.0,1.014986,0.311826,0.065872,0.150168,0.021997,0.036321,0.061486,0.079826,0.109188,0.078098,1.366075,1.470631,1119.94588,1119.94588,411.104744,378.663855,1800.0
520.57104,710.301532,710.301532,1106.02478,2095.741683,1104.716373,1023.963891,0.008488,0.0,0.0,0.094777,0.104952,0.714097,0.077687,366147.313014,203281.037149,1015226.407776,-2428.33094,-1019020.320111,-61717.938599,1486424.067361,-1400795.424459,-17688.461028,1.1e-05,0.017176,0.021856,0.0,6.2e-05,0.0,1.013321,0.311315,0.065449,0.150427,0.021856,0.036088,0.061593,0.079315,0.109376,0.078233,1.363729,1.468424,1122.412299,1122.412299,414.633716,380.467453,1830.0
520.570616,711.514442,711.514442,1106.488923,2096.558432,1104.970312,1024.204135,0.008487,0.0,0.0,0.094842,0.104969,0.714011,0.077691,370451.642937,205942.530957,1009101.035903,-2385.250194,-1013089.266376,-61324.930439,1488890.763468,-1403349.668277,-17842.684085,1.1e-05,0.01715,0.021724,0.0,6.2e-05,0.0,1.011763,0.310836,0.065054,0.150676,0.021724,0.03587,0.061695,0.078836,0.109558,0.078363,1.361535,1.466364,1124.838775,1124.838775,418.160253,382.430527,1860.0
520.570201,712.708028,712.708028,1106.944544,2097.362214,1105.220002,1024.44001,0.008486,0.0,0.0,0.094906,0.104987,0.713928,0.077693,374724.313472,208587.603648,1003313.961106,-2343.612346,-1007236.858243,-61070.452586,1491267.116725,-1405934.727893,-17995.426763,1.1e-05,0.017125,0.0216,0.0,6.2e-05,0.0,1.010292,0.310384,0.064681,0.150917,0.0216,0.035665,0.061793,0.078384,0.109733,0.078488,1.359462,1.46442,1127.22658,1127.22658,421.682662,384.524695,1890.0
520.569795,713.882895,713.882895,1107.391937,2098.153434,1105.465581,1024.671666,0.008485,0.0,0.0,0.094968,0.105005,0.713848,0.077694,378965.948802,211216.535195,997766.893947,-2303.346645,-1001462.649596,-60901.334893,1493567.176493,-1408520.014987,-18146.72432,1.1e-05,0.017101,0.02148,0.0,6.1e-05,0.0,1.008881,0.309951,0.064324,0.151149,0.02148,0.035467,0.061889,0.077951,0.109902,0.078609,1.357474,1.462558,1129.576928,1129.576928,425.199359,386.742268,1920.0
520.569398,715.039621,715.039621,1107.831382,2098.93248,1105.70718,1024.899247,0.008484,0.0,0.0,0.095029,0.105024,0.71377,0.077694,383177.152936,213829.597788,992392.528644,-2264.387223,-995765.422988,-60782.961319,1495802.277658,-1411085.424104,-18296.610669,1.1e-05,0.017078,0.021365,0.0,6.1e-05,0.0,1.007514,0.309531,0.063977,0.151376,0.021365,0.035276,0.061981,0.077531,0.110066,0.078726,1.355549,1.460755,1131.890975,1131.890975,428.708869,389.073958,1950.0
520.569009,716.178758,716.178758,1108.263144,2099.699721,1105.944925,1025.122886,0.008483,0.0,0.0,0.095088,0.105042,0.713694,0.077693,387358.510601,216427.056126,987142.179014,-2226.672413,-990143.412252,-60691.111206,1497981.044223,-1413616.908916,-18445.118451,1.1e-05,0.017055,0.021252,0.0,6.1e-05,0.0,1.006179,0.30912,0.063639,0.151596,0.021252,0.03509,0.062071,0.07712,0.110227,0.078841,1.353668,1.458993,1134.169827,1134.169827,432.209815,391.510302,1980.0
520.568627,717.300832,717.300832,1108.687477,2100.455508,1106.178935,1025.342714,0.008482,0.0,0.0,0.095146,0.105059,0.71362,0.077694,391510.588096,219009.167692,981983.625082,-2190.144372,-984594.636403,-60610.51085,1500109.785235,-1416105.839595,-18592.279098,1.1e-05,0.017033,0.021141,0.0,6.1e-05,0.0,1.004867,0.308717,0.063306,0.151812,0.021141,0.034906,0.06216,0.076717,0.110383,0.078953,1.351819,1.457261,1136.414537,1136.414537,435.700915,398.510297,2010.0
520.568254,718.406349,718.406349,1109.104621,2101.200181,1106.409324,1025.558853,0.008481,0.0,0.0,0.095202,0.105075,0.713547,0.077695,395633.934095,221576.183019,976890.945152,-2154.748761,-979117.102389,-60528.639757,1502193.299821,-1418545.631171,-18738.122894,1.1e-05,0.017011,0.021031,0.0,6.1e-05,0.0,1.003572,0.30832,0.062978,0.152022,0.021031,0.034725,0.062246,0.07632,0.110537,0.079063,1.349995,1.455551,1138.626113,1138.626113,439.180965,413.216975,2040.0
520.567887,719.495788,719.495788,1109.514805,2101.93406,1106.636202,1025.771421,0.008481,0.0,0.0,0.095257,0.10509,0.713475,0.077697,399729.080402,224128.345947,971802.845537,-2120.434362,-973708.899762,-60412.467229,1504238.876681,-1420917.241829,-18882.679036,1.1e-05,0.016989,0.020921,0.0,6.1e-05,0.0,1.002278,0.307922,0.06265,0.152229,0.020921,0.034545,0.062331,0.075922,0.110687,0.07917,1.348172,1.45384,1140.80552,1140.80552,442.648836,426.440009,2070.0
520.567528,720.569612,720.569612,1109.91825,2102.657455,1106.859673,1025.980528,0.00848,0.0,0.0,0.095311,0.105107,0.713405,0.077697,403796.54267,226665.89386,967174.795351,-2087.154478,-968368.235921,-60529.608276,1506216.48284,-1423380.303834,-19025.975681,1.1e-05,0.016969,0.020822,0.0,6.1e-05,0.0,1.001102,0.307561,0.062352,0.15243,0.020822,0.03438,0.062413,0.075561,0.110833,0.079275,1.346514,1.452292,1142.95368,1142.95368,446.103468,438.655459,2100.0
520.567176,721.62826,721.62826,1110.315163,2103.370661,1107.079835,1026.186282,0.008479,0.0,0.0,0.095364,0.105122,0.713338,0.077697,407836.82108,229189.057924,962390.672318,-2054.86188,-963093.443134,-60494.067791,1508145.667101,-1425725.92661,-19168.040004,1.1e-05,0.016948,0.020719,0.0,6.1e-05,0.0,0.999885,0.307187,0.062043,0.152625,0.020719,0.03421,0.062493,0.075187,0.110975,0.079376,1.3448,1.450684,1145.071477,1145.071477,449.543865,450.244703,2130.0
520.56683,722.672157,722.672157,1110.705744,2104.073962,1107.296786,1026.388784,0.008478,0.0,0.0,0.095415,0.105134,0.71327,0.077703,411850.400982,231698.063303,957165.367628,-2023.512858,-957882.97348,-60192.380825,1510093.837698,-1427851.439923,-19308.89824,1.1e-05,0.016926,0.020606,0.0,6.1e-05,0.0,0.998556,0.306779,0.061706,0.152822,0.020606,0.034024,0.062573,0.074779,0.111118,0.079479,1.342928,1.448919,1147.159756,1147.159756,452.969095,461.475585,2160.0
520.56649,723.701708,723.701708,1111.090185,2104.767628,1107.510615,1026.588133,0.008477,0.0,0.0,0.095465,0.105144,0.713201,0.077713,415837.753501,234193.129374,952056.080798,-1993.06934,-952735.389365,-59960.427578,1512032.719189,-1429951.337973,-19448.57573,1.1e-05,0.016904,0.020496,0.0,6.1e-05,0.0,0.997257,0.306379,0.061377,0.153018,0.020496,0.033843,0.062654,0.074379,0.111261,0.079581,1.341097,1.447197,1149.219329,1149.219329,456.378283,472.283322,2190.0
520.566157,724.717302,724.717302,1111.468647,2105.451902,1107.721391,1026.78442,0.008476,0.0,0.0,0.095515,0.105155,0.713134,0.077719,419799.336118,236674.46993,947329.156338,-1963.459955,-947649.353103,-59889.91379,1513889.873848,-1432129.206376,-19587.096962,1.1e-05,0.016883,0.020395,0.0,6.1e-05,0.0,0.996055,0.30601,0.061072,0.153206,0.020395,0.033675,0.062731,0.07401,0.111397,0.079678,1.339404,1.445608,1151.250975,1151.250975,459.770613,482.646116,2220.0
520.56583,725.719311,725.719311,1111.841237,2106.126965,1107.929129,1026.977735,0.008476,0.0,0.0,0.095564,0.105165,0.713068,0.077727,423735.593218,239142.293372,942328.98736,-1934.660072,-942623.651664,-59625.482004,1515730.161048,-1434150.869056,-19724.485612,1.1e-05,0.016862,0.020287,0.0,6.1e-05,0.0,0.994783,0.305619,0.06075,0.153392,0.020287,0.033497,0.062807,0.073619,0.111533,0.079775,1.337612,1.443918,1153.255441,1153.255441,463.145326,494.371492,2250.0
520.565509,726.708096,726.708096,1112.20812,2106.793055,1108.133908,1027.168164,0.008475,0.0,0.0,0.095611,0.105172,0.713002,0.07774,427646.956601,241596.802898,937118.690894,-1906.658761,-937657.421495,-59233.695805,1517578.234315,-1436038.384568,-19860.764579,1.1e-05,0.016839,0.020175,0.0,6.1e-05,0.0,0.993458,0.305212,0.060414,0.153579,0.020175,0.033312,0.062883,0.073212,0.111669,0.079873,1.335745,1.442155,1155.233445,1155.233445,466.50172,507.778039,2280.0
520.565193,727.683999,727.683999,1112.569461,2107.450407,1108.33581,1027.355788,0.008474,0.0,0.0,0.095658,0.105177,0.712936,0.077755,431533.845986,244038.196677,931889.323337,-1879.424702,-932750.143072,-58812.209381,1519410.56256,-1437862.152719,-19995.956023,1.1e-05,0.016817,0.020062,0.0,6e-05,0.0,0.992129,0.304804,0.060077,0.153765,0.020062,0.033126,0.062959,0.072804,0.111804,0.079969,1.333872,1.440385,1157.185675,1157.185675,469.839169,522.448812,2310.0
520.564883,728.647353,728.647353,1112.925416,2108.099247,1108.534911,1027.540686,0.008473,0.0,0.0,0.095704,0.105182,0.71287,0.077771,435396.669471,246466.668023,926684.201705,-1852.927227,-927901.291356,-58377.486669,1521216.661586,-1439639.076646,-20130.081394,1.1e-05,0.016794,0.01995,0.0,6e-05,0.0,0.990805,0.304397,0.059741,0.153948,0.01995,0.032941,0.063034,0.072397,0.111936,0.080064,1.332007,1.438623,1159.112796,1159.112796,473.15711,538.974779,2340.0
520.564578,729.598476,729.598476,1113.276136,2108.739792,1108.731288,1027.722933,0.008473,0.0,0.0,0.095749,0.105186,0.712805,0.077788,439235.823983,248882.405554,921482.261812,-1827.137113,-923110.169839,-57915.964999,1522997.209514,-1441363.037912,-20263.161464,1.1e-05,0.016772,0.019838,0.0,6e-05,0.0,0.989482,0.303991,0.059406,0.154128,0.019838,0.032756,0.063108,0.071991,0.112067,0.080158,1.330143,1.43686,1161.015445,1161.015445,476.455035,559.500801,2370.0
520.564278,730.537675,730.537675,1113.621767,2109.372251,1108.925012,1027.902601,0.008472,0.0,0.0,0.095793,0.105188,0.71274,0.077807,443051.6957,251285.593354,916195.604015,-1802.026586,-918375.928014,-57379.701162,1524761.237572,-1443003.969466,-20395.216358,1.1e-05,0.016749,0.019724,0.0,6e-05,0.0,0.988138,0.303578,0.059065,0.154306,0.019724,0.032568,0.063181,0.071578,0.112197,0.080251,1.328249,1.435066,1162.894236,1162.894236,479.732471,585.952753,2400.0
520.563983,731.465246,731.465246,1113.962446,2109.996826,1109.116153,1028.07976,0.008471,0.0,0.0,0.095837,0.105188,0.712675,0.077829,446844.660456,253676.411117,910645.828414,-1777.569149,-913697.629016,-56674.593646,1526529.057703,-1444498.828725,-20526.265581,1.1e-05,0.016725,0.019605,0.0,6e-05,0.0,0.986727,0.303144,0.058707,0.154485,0.019605,0.032371,0.063254,0.071144,0.112327,0.080344,1.326261,1.433178,1164.74976,1164.74976,482.988976,609.155887,2430.0
520.563693,732.381471,732.381471,1114.298309,2110.61371,1109.304776,1028.254475,0.00847,0.0,0.0,0.095879,0.105185,0.712609,0.077857,450615.084123,256055.034295,904788.318434,-1753.739983,-909074.308187,-55793.607614,1528319.488032,-1445829.822639,-20656.328043,1.1e-05,0.0167,0.019479,0.0,6e-05,0.0,0.985237,0.302687,0.05833,0.154666,0.019479,0.032162,0.063329,0.070687,0.112459,0.080438,1.324162,1.431182,1166.582585,1166.582585,486.224139,631.915208,2460.0
520.563408,733.286627,733.286627,1114.629482,2111.22309,1109.490947,1028.426812,0.008469,0.0,0.0,0.095922,0.105182,0.712542,0.077884,454363.322977,258421.634233,899210.37723,-1730.517257,-904505.011058,-55057.440129,1530078.95982,-1447210.94652,-20785.422087,1.1e-05,0.016676,0.019359,0.0,6e-05,0.0,0.983819,0.302251,0.05797,0.154844,0.019359,0.031964,0.063401,0.070251,0.112589,0.08053,1.322164,1.429286,1168.393261,1168.393261,489.437575,657.801655,2490.0
520.563127,734.180977,734.180977,1114.956089,2111.825147,1109.674727,1028.596832,0.008469,0.0,0.0,0.095964,0.10518,0.712478,0.077909,458089.724052,260776.378304,893937.978937,-1707.878214,-899988.81443,-54447.014989,1531774.412021,-1448655.117818,-20913.565506,1.1e-05,0.016653,0.019245,0.0,6e-05,0.0,0.982478,0.301839,0.05763,0.155016,0.019245,0.031777,0.063472,0.069839,0.112713,0.08062,1.320275,1.427496,1170.182316,1170.182316,492.628926,682.620502,2520.0
520.562851,735.064775,735.064775,1115.278249,2112.420053,1109.856174,1028.764593,0.008468,0.0,0.0,0.096006,0.10518,0.712415,0.077932,461794.625463,263119.430034,888784.833929,-1685.800556,-895524.836373,-53865.64537,1533427.03077,-1450094.806826,-21040.775575,1.1e-05,0.016631,0.019134,0.0,6e-05,0.0,0.981167,0.301436,0.057298,0.155183,0.019134,0.031594,0.06354,0.069436,0.112835,0.080707,1.318429,1.425746,1171.950261,1171.950261,495.797864,703.224982,2550.0
520.562579,735.938269,735.938269,1115.596076,2113.007977,1110.035348,1028.930154,0.008467,0.0,0.0,0.096046,0.10518,0.712355,0.077951,465478.356735,265450.949224,884119.01671,-1664.264889,-891112.239658,-53525.022508,1535014.614353,-1451665.034947,-21167.069061,1.1e-05,0.016611,0.019034,0.0,6e-05,0.0,0.979981,0.301072,0.056997,0.155344,0.019034,0.031428,0.063606,0.069072,0.112952,0.08079,1.316757,1.424168,1173.697588,1173.697588,498.944087,720.116482,2580.0
520.562311,736.801695,736.801695,1115.90968,2113.589081,1110.212302,1029.093569,0.008467,0.0,0.0,0.096086,0.105182,0.712297,0.077968,469141.239095,267771.092068,879543.088035,-1643.25082,-886750.231554,-53182.497834,1536550.161286,-1453224.806858,-21292.462254,1.1e-05,0.016591,0.018935,0.0,6e-05,0.0,0.978817,0.300714,0.056702,0.155499,0.018935,0.031265,0.06367,0.068714,0.113065,0.080871,1.315118,1.422617,1175.424772,1175.424772,502.067322,734.228937,2610.0
520.562048,737.655284,737.655284,1116.219166,2114.163519,1110.38709,1029.254891,0.008466,0.0,0.0,0.096125,0.105184,0.71224,0.077985,472783.58577,270080.011264,875096.684157,-1622.73995,-882503.09158,-52821.947011,1538055.575857,-1454787.510496,-21416.970976,1.1e-05,0.016572,0.01884,0.0,6e-05,0.0,0.977687,0.300367,0.056416,0.155652,0.01884,0.031107,0.063732,0.068367,0.113176,0.08095,1.313525,1.421111,1177.132273,1177.132273,505.167325,746.242418,2640.0
520.561788,738.499256,738.499256,1116.524636,2114.731445,1110.559763,1029.414171,0.008465,0.0,0.0,0.096162,0.105186,0.712185,0.078002,476405.702259,272377.856124,870755.604371,-1602.714887,-878320.379862,-52470.216182,1539525.397684,-1456347.080518,-21540.610607,1.2e-05,0.016553,0.018746,0.0,5.9e-05,0.0,0.976583,0.300028,0.056136,0.1558,0.018746,0.030953,0.063793,0.068028,0.113284,0.081028,1.311969,1.419641,1178.820535,1178.820535,508.243903,756.606932,2670.0
520.561532,739.333826,739.333826,1116.82619,2115.293002,1110.730371,1029.571458,0.008465,0.0,0.0,0.0962,0.105188,0.71213,0.078017,480007.886601,274664.772675,866497.623296,-1583.158733,-874176.996538,-52145.524689,1540967.247595,-1457895.794835,-21663.396097,1.2e-05,0.016535,0.018654,0.0,5.9e-05,0.0,0.9755,0.299695,0.055861,0.155946,0.018654,0.030801,0.063853,0.067695,0.11339,0.081104,1.310444,1.418199,1180.489985,1180.489985,511.296928,765.65091,2700.0
520.56128,740.159201,740.159201,1117.123921,2115.848332,1110.898962,1029.726801,0.008464,0.0,0.0,0.096236,0.10519,0.712077,0.078033,483590.429622,276940.903761,862344.341415,-1564.05556,-870073.808109,-51857.703638,1542379.355982,-1459442.788105,-21785.341985,1.2e-05,0.016517,0.018565,0.0,5.9e-05,0.0,0.974444,0.299371,0.055593,0.156089,0.018565,0.030654,0.063911,0.067371,0.113494,0.081178,1.308956,1.416793,1182.141038,1182.141038,514.326302,773.620756,2730.0
520.561032,740.975582,740.975582,1117.41792,2116.397572,1111.065581,1029.880244,0.008463,0.0,0.0,0.096272,0.105192,0.712025,0.078048,487153.615185,279206.389139,858323.283181,-1545.390084,-866011.851072,-51619.861243,1543759.312427,-1460999.030793,-21906.462415,1.2e-05,0.0165,0.018478,0.0,5.9e-05,0.0,0.973421,0.299057,0.055334,0.156229,0.018478,0.030511,0.063968,0.067057,0.113595,0.08125,1.307515,1.415433,1183.774096,1183.774096,517.331936,781.805658,2760.0
520.560787,741.783162,741.783162,1117.708278,2116.940853,1111.230274,1030.031832,0.008463,0.0,0.0,0.096307,0.105196,0.711974,0.07806,490697.720414,281461.365571,854549.243868,-1527.147872,-861991.820053,-51491.369394,1545095.861234,-1462607.996635,-22026.771148,1.2e-05,0.016483,0.018397,0.0,5.9e-05,0.0,0.972461,0.298762,0.055091,0.156364,0.018397,0.030377,0.064024,0.066762,0.113694,0.081321,1.306163,1.414159,1185.389547,1185.389547,520.31374,789.589441,2790.0
520.560546,742.582129,742.582129,1117.995078,2117.478304,1111.393084,1030.181608,0.008462,0.0,0.0,0.096342,0.1052,0.711925,0.07807,494223.015921,283705.966911,851047.744932,-1509.314875,-858014.089676,-51477.181276,1546380.072301,-1464280.949828,-22146.281577,1.2e-05,0.016468,0.018322,0.0,5.9e-05,0.0,0.971571,0.298488,0.054865,0.156494,0.018322,0.030252,0.064077,0.066488,0.113788,0.081388,1.304908,1.412979,1186.987766,1186.987766,523.271624,796.313177,2820.0
520.560308,743.372666,743.372666,1118.278403,2118.010047,1111.554052,1030.329612,0.008462,0.0,0.0,0.096376,0.105206,0.711878,0.078078,497729.766017,285940.324193,847749.548654,-1491.877432,-854078.798874,-51539.016445,1547618.49633,-1465993.345489,-22265.006744,1.2e-05,0.016454,0.018251,0.0,5.9e-05,0.0,0.970732,0.29823,0.054653,0.15662,0.018251,0.030135,0.064128,0.06623,0.113879,0.081454,1.303727,1.41187,1188.569117,1188.569117,526.205509,802.019177,2850.0
520.560073,744.154947,744.154947,1118.558332,2118.536203,1111.713218,1030.475886,0.008461,0.0,0.0,0.096409,0.105212,0.711833,0.078085,501218.228915,288164.565714,844595.670132,-1474.822625,-850185.923441,-51647.803702,1548820.152137,-1467724.313152,-22382.959349,1.2e-05,0.01644,0.018183,0.0,5.9e-05,0.0,0.96993,0.297984,0.054449,0.156741,0.018183,0.030023,0.064178,0.065984,0.113968,0.081517,1.302597,1.410809,1190.133952,1190.133952,529.11532,806.901252,2880.0
520.559842,744.929144,744.929144,1118.834943,2119.056888,1111.870623,1030.620468,0.008461,0.0,0.0,0.096441,0.105219,0.711789,0.07809,504688.656927,290378.81711,841551.692447,-1458.138185,-846335.328879,-51787.1632,1549991.131824,-1469462.042246,-22500.151761,1.2e-05,0.016427,0.018117,0.0,5.9e-05,0.0,0.969156,0.297746,0.054253,0.15686,0.018117,0.029915,0.064227,0.065746,0.114054,0.081578,1.301506,1.409787,1191.682612,1191.682612,532.000999,811.150486,2910.0
520.559614,745.695422,745.695422,1119.108309,2119.572213,1112.026304,1030.763395,0.00846,0.0,0.0,0.096473,0.105225,0.711747,0.078095,508141.296648,292583.201434,838598.476288,-1441.812372,-842526.806962,-51947.977297,1551135.033408,-1471200.317031,-22616.596034,1.2e-05,0.016415,0.018054,0.0,5.9e-05,0.0,0.968405,0.297516,0.054063,0.156975,0.018054,0.02981,0.064274,0.065516,0.114138,0.081639,1.300448,1.408795,1193.21543,1193.21543,534.862501,814.919877,2940.0
520.559388,746.453942,746.453942,1119.378503,2120.082288,1112.180296,1030.904703,0.00846,0.0,0.0,0.096504,0.105232,0.711705,0.0781,511576.389139,294777.839231,835724.444939,-1425.833927,-838760.100599,-52124.637358,1552254.093477,-1472935.662614,-22732.303916,1.2e-05,0.016402,0.017992,0.0,5.9e-05,0.0,0.967674,0.297291,0.053877,0.157089,0.017992,0.029707,0.06432,0.065291,0.11422,0.081698,1.299419,1.40783,1194.732725,1194.732725,537.699794,818.324088,2970.0
520.559166,747.204858,747.204858,1119.645595,2120.58722,1112.332637,1031.044427,0.008459,0.0,0.0,0.096534,0.105239,0.711664,0.078104,514994.1701,296962.848607,832921.660026,-1410.192048,-835034.920605,-52313.23785,1553349.880583,-1474665.903246,-22847.28686,1.2e-05,0.01639,0.017932,0.0,5.9e-05,0.0,0.966962,0.297072,0.053697,0.1572,0.017932,0.029608,0.064366,0.065072,0.114301,0.081755,1.298414,1.406889,1196.234809,1196.234809,540.512861,821.44738,3000.0
520.558947,747.948322,747.948322,1119.909651,2121.087109,1112.48336,1031.182601,0.008459,0.0,0.0,0.096564,0.105245,0.711624,0.078108,518394.870031,299138.345299,830184.115006,-1394.876366,-831350.957135,-52510.805503,1554423.619843,-1476389.539811,-22961.556033,1.2e-05,0.016378,0.017873,0.0,5.9e-05,0.0,0.966266,0.296858,0.05352,0.157308,0.017873,0.02951,0.06441,0.064858,0.11438,0.081812,1.297434,1.40597,1197.721983,1197.721983,543.301711,824.351671,3030.0
520.558731,748.684481,748.684481,1120.170738,2121.582057,1112.632499,1031.319259,0.008458,0.0,0.0,0.096593,0.105252,0.711585,0.078111,521778.714397,301304.44274,827507.030759,-1379.876934,-827707.892233,-52714.974504,1555476.330635,-1478105.495396,-23075.122327,1.2e-05,0.016367,0.017815,0.0,5.9e-05,0.0,0.965585,0.296649,0.053348,0.157415,0.017815,0.029415,0.064454,0.064649,0.114457,0.081867,1.296474,1.405072,1199.194541,1199.194541,546.066442,827.082848,3060.0
520.558517,749.413476,749.413476,1120.428918,2122.072159,1112.780085,1031.454426,0.008458,0.0,0.0,0.096622,0.105259,0.711547,0.078115,525145.923777,303461.252123,824886.57201,-1365.183055,-824105.426364,-52923.834409,1556508.882682,-1479813.014496,-23187.996367,1.2e-05,0.016356,0.017759,0.0,5.9e-05,0.0,0.964918,0.296444,0.053179,0.157519,0.017759,0.029322,0.064497,0.064444,0.114533,0.081922,1.295536,1.404193,1200.652768,1200.652768,548.807199,829.675299,3090.0
520.558306,750.135445,750.135445,1120.684252,2122.557509,1112.926151,1031.588099,0.008457,0.0,0.0,0.09665,0.105265,0.711509,0.078118,528496.714012,305608.882461,822320.517457,-1350.785305,-820543.296844,-53136.452038,1557522.014892,-1481511.809638,-23300.188524,1.2e-05,0.016344,0.017703,0.0,5.9e-05,0.0,0.964266,0.296244,0.053013,0.157622,0.017703,0.029231,0.064539,0.064244,0.114608,0.081975,1.294616,1.403332,1202.096939,1202.096939,551.524103,832.155092,3120.0
520.558098,750.850524,750.850524,1120.936801,2123.038199,1113.070726,1031.720303,0.008457,0.0,0.0,0.096678,0.105272,0.711472,0.078121,531831.296347,307747.440651,819925.509013,-1336.676545,-817021.265177,-53415.97107,1558506.443068,-1483246.330373,-23411.708916,1.2e-05,0.016334,0.017652,0.0,5.9e-05,0.0,0.963657,0.296057,0.052859,0.157721,0.017652,0.029146,0.064579,0.064057,0.11468,0.082027,1.293758,1.402531,1203.527323,1203.527323,554.217238,834.568054,3150.0
520.557893,751.558841,751.558841,1121.186621,2123.514317,1113.213841,1031.851068,0.008456,0.0,0.0,0.096706,0.10528,0.711436,0.078122,535149.877566,309877.031523,817633.055729,-1322.848119,-813539.092477,-53716.523365,1559460.329059,-1484992.353405,-23522.567424,1.2e-05,0.016324,0.017602,0.0,5.9e-05,0.0,0.963074,0.295878,0.052711,0.157818,0.017602,0.029064,0.064619,0.063878,0.114751,0.082077,1.292937,1.401765,1204.944181,1204.944181,556.886664,836.989318,3180.0
520.55769,752.260524,752.260524,1121.433768,2123.985948,1113.355524,1031.980425,0.008456,0.0,0.0,0.096732,0.105287,0.711402,0.078123,538452.660125,311997.757906,815382.355973,-1309.291721,-810096.522225,-54012.290696,1560395.415091,-1486726.892726,-23632.773696,1.2e-05,0.016315,0.017554,0.0,5.9e-05,0.0,0.962502,0.295702,0.052566,0.157913,0.017554,0.028984,0.064658,0.063702,0.114819,0.082126,1.29213,1.401013,1206.347766,1206.347766,559.532436,839.419787,3210.0
520.55749,752.955696,752.955696,1121.678297,2124.453178,1113.495802,1032.1084,0.008456,0.0,0.0,0.096758,0.105295,0.711368,0.078124,541739.842275,314109.720671,813166.157944,-1295.999592,-806693.273933,-54301.269728,1561314.590501,-1488447.86804,-23742.337152,1.2e-05,0.016305,0.017506,0.0,5.9e-05,0.0,0.961938,0.295529,0.052423,0.158006,0.017506,0.028906,0.064696,0.063529,0.114887,0.082174,1.291336,1.400272,1207.738324,1207.738324,562.154606,841.847605,3240.0
520.557292,753.644476,753.644476,1121.920261,2124.916086,1113.634703,1032.235023,0.008455,0.0,0.0,0.096784,0.105302,0.711334,0.078125,545011.618184,316213.018789,810983.837984,-1282.964222,-803329.044104,-54583.417147,1562218.472215,-1490155.617727,-23851.266999,1.2e-05,0.016296,0.017459,0.0,5.9e-05,0.0,0.961383,0.295358,0.052282,0.158097,0.017459,0.028828,0.064733,0.063358,0.114954,0.082222,1.290555,1.399542,1209.116096,1209.116096,564.753234,844.265158,3270.0
520.557096,754.326981,754.326981,1122.159709,2125.374752,1113.772254,1032.360321,0.008455,0.0,0.0,0.096809,0.105309,0.711301,0.078126,548268.178055,318307.74938,808835.802158,-1270.17836,-800003.5105,-54859.012479,1563107.296479,-1491850.825068,-23959.572229,1.2e-05,0.016286,0.017413,0.0,5.9e-05,0.0,0.960837,0.29519,0.052144,0.158187,0.017413,0.028752,0.06477,0.06319,0.115019,0.082269,1.289785,1.398824,1210.481313,1210.481313,567.328386,846.667685,3300.0
520.556903,755.003324,755.003324,1122.396692,2125.829253,1113.908479,1032.484319,0.008454,0.0,0.0,0.096834,0.105315,0.711269,0.078127,551509.708239,320394.007759,806722.624853,-1257.635016,-796716.337166,-55128.403192,1563981.229735,-1493534.217582,-24067.261632,1.2e-05,0.016277,0.017368,0.0,5.8e-05,0.0,0.960299,0.295025,0.052008,0.158275,0.017368,0.028676,0.064806,0.063025,0.115083,0.082315,1.289028,1.398118,1211.834204,1211.834204,569.880134,849.051959,3330.0
520.556712,755.673616,755.673616,1122.631258,2126.279664,1114.043403,1032.607043,0.008454,0.0,0.0,0.096859,0.105322,0.711237,0.078128,554736.391342,322471.887483,804644.86657,-1245.327456,-793467.178997,-55391.936391,1564840.424513,-1495206.504441,-24174.343798,1.2e-05,0.016268,0.017323,0.0,5.8e-05,0.0,0.959771,0.294863,0.051874,0.158362,0.017323,0.028603,0.064842,0.062863,0.115146,0.08236,1.288284,1.397423,1213.174988,1213.174988,572.408563,851.415662,3360.0
520.556523,756.337964,756.337964,1122.863454,2126.726057,1114.177051,1032.728519,0.008454,0.0,0.0,0.096883,0.105329,0.711206,0.078129,557948.406328,324541.4804,802603.028484,-1233.24919,-790255.685447,-55649.93806,1565685.032108,-1496868.360768,-24280.827128,1.2e-05,0.016259,0.017279,0.0,5.8e-05,0.0,0.959252,0.294703,0.051742,0.158448,0.017279,0.02853,0.064877,0.062703,0.115209,0.082404,1.287552,1.39674,1214.50388,1214.50388,574.913762,853.757092,3390.0
520.556336,756.996472,756.996472,1123.093325,2127.168504,1114.309446,1032.848769,0.008453,0.0,0.0,0.096906,0.105335,0.711175,0.07813,561145.928624,326602.876686,800597.544947,-1221.393962,-787081.503331,-55902.70811,1566515.205565,-1498520.425274,-24386.719834,1.2e-05,0.016251,0.017236,0.0,5.8e-05,0.0,0.958742,0.294547,0.051613,0.158532,0.017236,0.028459,0.064911,0.062547,0.11527,0.082448,1.286833,1.39607,1215.821089,1215.821089,577.395851,856.075001,3420.0
520.556152,757.649243,757.649243,1123.320916,2127.607074,1114.440611,1032.967817,0.008453,0.0,0.0,0.09693,0.105342,0.711145,0.078131,564329.130215,328656.164894,798628.787798,-1209.75574,-783944.279033,-56150.520815,1567331.099898,-1500163.302157,-24492.029951,1.2e-05,0.016242,0.017193,0.0,5.8e-05,0.0,0.958241,0.294393,0.051486,0.158614,0.017193,0.028389,0.064945,0.062393,0.11533,0.082491,1.286128,1.395412,1217.126819,1217.126819,579.855125,858.368488,3450.0
520.55597,758.296374,758.296374,1123.546268,2128.041833,1114.570568,1033.085687,0.008452,0.0,0.0,0.096953,0.105348,0.711115,0.078132,567498.179736,330701.43199,796697.077862,-1198.328707,-780843.662439,-56393.62689,1568132.87119,-1501797.56568,-24596.765335,1.2e-05,0.016234,0.017152,0.0,5.8e-05,0.0,0.95775,0.294242,0.051361,0.158696,0.017152,0.02832,0.064978,0.062242,0.115389,0.082533,1.285436,1.394766,1218.421269,1218.421269,582.291885,860.636932,3480.0
520.55579,758.937964,758.937964,1123.769425,2128.472848,1114.699339,1033.202399,0.008452,0.0,0.0,0.096975,0.105354,0.711086,0.078133,570653.242567,332738.763394,794802.706639,-1187.107248,-777779.315423,-56632.255899,1568920.67433,-1503423.76872,-24700.933678,1.2e-05,0.016226,0.017111,0.0,5.8e-05,0.0,0.957268,0.294094,0.051239,0.158775,0.017111,0.028253,0.065011,0.062094,0.115447,0.082575,1.284757,1.394133,1219.704631,1219.704631,584.706308,862.879932,3510.0
520.555611,759.574105,759.574105,1123.990426,2128.900182,1114.826945,1033.317977,0.008452,0.0,0.0,0.096997,0.10536,0.711057,0.078134,573794.480917,334768.243019,792945.954982,-1176.085947,-774750.918103,-56866.618542,1569694.660377,-1505042.450265,-24804.542501,1.2e-05,0.016218,0.017071,0.0,5.8e-05,0.0,0.956796,0.293949,0.051119,0.158854,0.017071,0.028187,0.065043,0.061949,0.115504,0.082616,1.284092,1.393513,1220.977094,1220.977094,587.098501,865.097267,3540.0
520.555435,760.20489,760.20489,1124.209312,2129.323898,1114.953406,1033.432439,0.008451,0.0,0.0,0.097019,0.105366,0.711028,0.078135,576922.053907,336789.953306,791127.094405,-1165.259571,-771758.166489,-57096.908713,1570454.975788,-1506654.136249,-24907.599171,1.2e-05,0.01621,0.017032,0.0,5.8e-05,0.0,0.956334,0.293807,0.051002,0.158931,0.017032,0.028122,0.065075,0.061807,0.11556,0.082656,1.28344,1.392906,1222.238841,1222.238841,589.468551,867.288858,3570.0
520.555261,760.830408,760.830408,1124.42612,2129.744055,1115.078742,1033.545808,0.008451,0.0,0.0,0.09704,0.105372,0.711001,0.078136,580036.117659,338803.975265,789346.650521,-1154.62307,-768800.961967,-57323.305313,1571201.76103,-1508259.410306,-25010.110895,1.2e-05,0.016202,0.016993,0.0,5.8e-05,0.0,0.955881,0.293668,0.050887,0.159006,0.016993,0.028059,0.065105,0.061668,0.115615,0.082695,1.282803,1.392311,1223.490051,1223.490051,591.816544,869.454741,3600.0
520.555089,761.450747,761.450747,1124.640889,2130.160715,1115.202973,1033.658103,0.008451,0.0,0.0,0.097061,0.105378,0.710974,0.078136,583136.825364,340810.388502,787632.53636,-1144.171605,-765893.757651,-57545.973832,1571932.866584,-1509869.415123,-25112.084734,1.2e-05,0.016195,0.016957,0.0,5.8e-05,0.0,0.955445,0.293534,0.050777,0.15908,0.016957,0.027998,0.065136,0.061534,0.115668,0.082733,1.282188,1.39174,1224.7309,1224.7309,594.142573,871.595044,3630.0
520.554918,762.065991,762.065991,1124.853654,2130.573933,1115.326118,1033.769342,0.008451,0.0,0.0,0.097082,0.105385,0.710947,0.078136,586224.327369,342809.271258,785981.971403,-1133.900441,-763032.379362,-57765.067729,1572646.625304,-1511483.721577,-25213.527599,1.2e-05,0.016188,0.016921,0.0,5.8e-05,0.0,0.955025,0.293405,0.050671,0.159152,0.016921,0.027939,0.065165,0.061405,0.115721,0.082771,1.281597,1.39119,1225.961556,1225.961556,596.446741,873.70985,3660.0
520.55475,762.676223,762.676223,1125.064451,2130.983767,1115.448196,1033.879546,0.00845,0.0,0.0,0.097102,0.105391,0.710921,0.078135,589298.771244,344800.700443,784377.770114,-1123.804977,-760208.37352,-57980.735757,1573345.546534,-1513095.956133,-25314.44626,1.2e-05,0.016181,0.016886,0.0,5.8e-05,0.0,0.954617,0.29328,0.050567,0.159223,0.016886,0.027882,0.065194,0.06128,0.115772,0.082808,1.281022,1.390656,1227.182187,1227.182187,598.729158,875.797714,3690.0
520.554583,763.281525,763.281525,1125.273315,2131.39027,1115.569223,1033.988731,0.00845,0.0,0.0,0.097122,0.105397,0.710896,0.078135,592360.301852,346784.751662,782813.458024,-1113.880813,-757418.665907,-58193.151661,1574031.079866,-1514703.992158,-25414.84735,1.2e-05,0.016174,0.016853,0.0,5.8e-05,0.0,0.954219,0.293157,0.050466,0.159292,0.016853,0.027827,0.065223,0.061157,0.115823,0.082844,1.280462,1.390135,1228.392954,1228.392954,600.989947,877.85937,3720.0
520.554418,763.881976,763.881976,1125.480279,2131.793498,1115.689218,1034.096916,0.00845,0.0,0.0,0.097142,0.105404,0.710871,0.078134,595409.061426,348761.499251,781286.709164,-1104.123695,-754661.942536,-58402.469648,1574703.868085,-1516307.304003,-25514.737367,1.2e-05,0.016168,0.01682,0.0,5.8e-05,0.0,0.953831,0.293038,0.050368,0.159361,0.01682,0.027772,0.065251,0.061038,0.115872,0.082879,1.279915,1.389627,1229.594015,1229.594015,603.229233,879.895723,3750.0
520.554254,764.477652,764.477652,1125.685377,2132.193502,1115.808199,1034.204119,0.008449,0.0,0.0,0.097161,0.10541,0.710847,0.078133,598445.189625,350731.016304,779796.65911,-1094.529505,-751937.525236,-58608.806076,1575364.241803,-1517905.917417,-25614.122678,1.2e-05,0.016161,0.016788,0.0,5.8e-05,0.0,0.953452,0.292922,0.050272,0.159427,0.016788,0.027719,0.065278,0.060922,0.115921,0.082914,1.279381,1.389132,1230.785525,1230.785525,605.447152,881.907415,3780.0
520.554093,765.068629,765.068629,1125.88864,2132.590333,1115.926181,1034.310356,0.008449,0.0,0.0,0.09718,0.105416,0.710823,0.078132,601468.823609,352693.374702,778342.996689,-1085.094256,-749244.985459,-58812.259588,1576012.413594,-1519500.061456,-25713.009523,1.2e-05,0.016155,0.016757,0.0,5.8e-05,0.0,0.953083,0.292808,0.050178,0.159493,0.016757,0.027668,0.065305,0.060808,0.115969,0.082948,1.27886,1.388649,1231.967635,1231.967635,607.643847,883.895006,3810.0
520.553933,765.65498,765.65498,1126.0901,2132.984042,1116.043181,1034.415643,0.008449,0.0,0.0,0.097198,0.105422,0.710799,0.078131,604480.098091,354648.645142,776925.631394,-1075.814087,-746583.998123,-59012.920663,1576648.547507,-1521090.042008,-25811.40402,1.2e-05,0.016149,0.016726,0.0,5.8e-05,0.0,0.952722,0.292697,0.050087,0.159557,0.016726,0.027617,0.065331,0.060697,0.116015,0.082982,1.278352,1.388178,1233.140491,1233.140491,609.81954,885.859021,3840.0
520.553774,766.236778,766.236778,1126.289786,2133.374676,1116.159215,1034.519998,0.008448,0.0,0.0,0.097217,0.105429,0.710776,0.07813,607479.145408,356596.897165,775544.558284,-1066.685263,-743954.281762,-59210.874764,1577272.786135,-1522676.190465,-25909.312166,1.2e-05,0.016143,0.016696,0.0,5.8e-05,0.0,0.952371,0.292589,0.049998,0.159621,0.016696,0.027568,0.065357,0.060589,0.116061,0.083014,1.277858,1.387719,1234.304237,1234.304237,611.974853,887.799966,3870.0
520.553618,766.814093,766.814093,1126.487729,2133.762283,1116.274299,1034.623435,0.008448,0.0,0.0,0.097235,0.105435,0.710754,0.078128,610466.095569,358538.199181,774199.7998,-1057.704162,-741355.572833,-59406.203372,1577885.262052,-1524258.841645,-26006.73984,1.2e-05,0.016137,0.016667,0.0,5.8e-05,0.0,0.952029,0.292484,0.049911,0.159683,0.016667,0.02752,0.065382,0.060484,0.116106,0.083047,1.277376,1.387273,1235.459015,1235.459015,614.110076,889.718328,3900.0
520.553463,767.386992,767.386992,1126.683958,2134.14691,1116.388447,1034.725969,0.008448,0.0,0.0,0.097252,0.105441,0.710732,0.078127,613441.076322,360472.618493,772891.382373,-1048.86728,-738787.615604,-59598.984391,1578486.102688,-1525838.324977,-26103.692809,1.2e-05,0.016131,0.016639,0.0,5.8e-05,0.0,0.951696,0.292382,0.049827,0.159743,0.016639,0.027474,0.065407,0.060382,0.116151,0.083078,1.276907,1.386839,1236.60496,1236.60496,616.225266,891.614586,3930.0
520.553309,767.955544,767.955544,1126.878501,2134.528603,1116.501675,1034.827617,0.008448,0.0,0.0,0.09727,0.105447,0.71071,0.078125,616404.2132,362400.221325,771619.330626,-1040.171221,-736250.159829,-59789.292357,1579075.432,-1527414.962491,-26200.176728,1.2e-05,0.016126,0.016612,0.0,5.8e-05,0.0,0.951373,0.292283,0.049745,0.159803,0.016612,0.027429,0.065432,0.060283,0.116194,0.083109,1.276451,1.386418,1237.742207,1237.742207,618.320469,893.489201,3960.0
520.553157,768.519813,768.519813,1127.071385,2134.907405,1116.613997,1034.928391,0.008447,0.0,0.0,0.097287,0.105454,0.710689,0.078123,619355.629579,364321.072847,770383.666971,-1031.612692,-733742.960484,-59977.198605,1579653.370832,-1528989.068878,-26296.197146,1.2e-05,0.016121,0.016585,0.0,5.8e-05,0.0,0.951059,0.292186,0.049665,0.159861,0.016585,0.027385,0.065456,0.060186,0.116236,0.08314,1.276009,1.386008,1238.870887,1238.870887,620.395752,895.342627,3990.0
520.553006,769.079864,769.079864,1127.262638,2135.283361,1116.725426,1035.028308,0.008447,0.0,0.0,0.097304,0.10546,0.710668,0.078121,622295.44673,366235.237193,769184.409375,-1023.188504,-731265.776388,-60162.771409,1580220.037237,-1530560.950807,-26391.759505,1.2e-05,0.016115,0.016559,0.0,5.8e-05,0.0,0.950754,0.292093,0.049588,0.159919,0.016559,0.027342,0.065479,0.060093,0.116278,0.083169,1.275579,1.385612,1239.991129,1239.991129,622.451207,897.175303,4020.0
520.552857,769.635759,769.635759,1127.452285,2135.656511,1116.835978,1035.127379,0.008447,0.0,0.0,0.09732,0.105466,0.710648,0.078119,625223.783865,368142.77749,768021.566531,-1014.895562,-728818.367655,-60346.076131,1580775.547159,-1532130.905197,-26486.869145,1.2e-05,0.01611,0.016534,0.0,5.8e-05,0.0,0.950458,0.292002,0.049513,0.159975,0.016534,0.027301,0.065502,0.060002,0.116319,0.083199,1.275162,1.385227,1241.103056,1241.103056,624.486948,898.987659,4050.0
520.55271,770.18756,770.18756,1127.640353,2136.026899,1116.945665,1035.22562,0.008447,0.0,0.0,0.097336,0.105472,0.710628,0.078116,628140.758191,370043.755876,766895.132497,-1006.730868,-726400.493008,-60527.17535,1581320.015291,-1533699.217252,-26581.531309,1.2e-05,0.016106,0.01651,0.0,5.8e-05,0.0,0.950171,0.291914,0.04944,0.16003,0.01651,0.027261,0.065525,0.059914,0.116359,0.083227,1.274759,1.384855,1242.206793,1242.206793,626.503099,900.780112,4080.0
520.552563,770.735326,770.735326,1127.826866,2136.394564,1117.054501,1035.323043,0.008446,0.0,0.0,0.097352,0.105479,0.710609,0.078113,631046.484953,371938.233524,765805.082552,-998.691511,-724011.907764,-60706.129004,1581853.555815,-1535266.158948,-26675.75114,1.2e-05,0.016101,0.016487,0.0,5.8e-05,0.0,0.949894,0.291829,0.04937,0.160084,0.016487,0.027222,0.065547,0.059829,0.116398,0.083255,1.274368,1.384496,1243.302459,1243.302459,628.499798,902.55307,4110.0
520.552419,771.279116,771.279116,1128.011849,2136.759546,1117.162498,1035.419661,0.008446,0.0,0.0,0.097368,0.105485,0.71059,0.078111,633941.077478,373826.270661,764751.370903,-990.774669,-721652.362713,-60882.994515,1582376.282926,-1536831.988247,-26769.533687,1.2e-05,0.016096,0.016464,0.0,5.8e-05,0.0,0.949626,0.291746,0.049302,0.160137,0.016464,0.027185,0.065568,0.059746,0.116437,0.083283,1.273991,1.384148,1244.39017,1244.39017,630.477188,904.306932,4140.0
520.552275,771.818987,771.818987,1128.195326,2137.121884,1117.269669,1035.515487,0.008446,0.0,0.0,0.097383,0.105492,0.710572,0.078107,636824.647226,375707.92659,763733.930105,-982.977601,-719321.603797,-61057.826913,1582888.311086,-1538396.948972,-26862.883908,1.2e-05,0.016092,0.016442,0.0,5.8e-05,0.0,0.949368,0.291667,0.049236,0.160189,0.016442,0.027148,0.06559,0.059667,0.116474,0.08331,1.273626,1.383813,1245.470042,1245.470042,632.435421,906.042085,4170.0
520.552133,772.354996,772.354996,1128.37732,2137.481617,1117.376027,1035.610533,0.008446,0.0,0.0,0.097398,0.105498,0.710554,0.078104,639697.303828,377583.259711,762752.671712,-975.297649,-717019.372345,-61230.678964,1583389.755083,-1539961.271169,-26955.806669,1.2e-05,0.016088,0.016421,0.0,5.8e-05,0.0,0.949118,0.29159,0.049173,0.16024,0.016421,0.027113,0.06561,0.05959,0.116511,0.083336,1.273275,1.383491,1246.542187,1246.542187,634.374651,907.758905,4200.0
520.551992,772.887196,772.887196,1128.557854,2137.83878,1117.481583,1035.704811,0.008446,0.0,0.0,0.097413,0.105505,0.710536,0.078101,642559.155126,379452.327534,761811.559555,-967.732234,-714745.405643,-61404.148935,1583880.625867,-1541526.59186,-27048.306751,1.2e-05,0.016084,0.016401,0.0,5.8e-05,0.0,0.948879,0.291517,0.049112,0.160289,0.016401,0.02708,0.065631,0.059517,0.116548,0.083362,1.272937,1.383182,1247.606714,1247.606714,636.295037,909.462004,4230.0
520.551853,773.415643,773.415643,1128.73695,2138.193411,1117.586349,1035.798333,0.008445,0.0,0.0,0.097428,0.105512,0.710519,0.078096,645410.307218,381315.186707,760995.765905,-960.278955,-712499.43767,-61621.180677,1584352.766406,-1543127.246161,-27140.388848,1.2e-05,0.01608,0.016383,0.0,5.8e-05,0.0,0.948671,0.291453,0.04906,0.160337,0.016383,0.027051,0.06565,0.059453,0.116582,0.083387,1.272645,1.382917,1248.663732,1248.663732,638.196738,911.250436,4260.0
520.551715,773.940388,773.940388,1128.914631,2138.545545,1117.690337,1035.891111,0.008445,0.0,0.0,0.097442,0.105519,0.710503,0.078091,648250.864496,383171.893027,760256.853029,-952.935264,-710281.199861,-61851.826108,1584805.730126,-1544744.564352,-27232.05757,1.2e-05,0.016077,0.016367,0.0,5.8e-05,0.0,0.948483,0.291395,0.049012,0.160383,0.016367,0.027025,0.065669,0.059395,0.116616,0.083411,1.27238,1.382679,1249.713345,1249.713345,640.079918,913.115464,4290.0
520.551578,774.461483,774.461483,1129.090904,2138.895211,1117.793551,1035.983156,0.008445,0.0,0.0,0.097456,0.105527,0.710487,0.078085,651080.929682,385022.50146,759553.671136,-945.687181,-708090.421848,-62079.288839,1585247.145079,-1546362.100899,-27323.317447,1.2e-05,0.016074,0.016352,0.0,5.8e-05,0.0,0.948305,0.29134,0.048967,0.160428,0.016352,0.027,0.065687,0.05934,0.116648,0.083434,1.272128,1.382452,1250.755656,1250.755656,641.945374,915.008887,4320.0
520.551442,774.978979,774.978979,1129.26576,2139.242427,1117.895988,1036.074478,0.008445,0.0,0.0,0.09747,0.105534,0.710472,0.078079,653900.603868,386867.066159,758878.442807,-938.539754,-705926.832123,-62301.182963,1585679.308307,-1547977.023345,-27414.172929,1.2e-05,0.016071,0.016338,0.0,5.8e-05,0.0,0.948133,0.291287,0.048923,0.160471,0.016338,0.026976,0.065705,0.059287,0.11668,0.083457,1.271887,1.382235,1251.790766,1251.790766,643.793867,916.91285,4350.0
520.551308,775.492924,775.492924,1129.43922,2139.587226,1117.997658,1036.165089,0.008445,0.0,0.0,0.097483,0.105542,0.710458,0.078072,656709.986549,388705.640481,758230.327461,-931.495363,-703790.158652,-62517.488624,1586102.692425,-1549589.248858,-27504.62839,1.2e-05,0.016068,0.016324,0.0,5.8e-05,0.0,0.947968,0.291237,0.048881,0.160514,0.016324,0.026953,0.065723,0.059237,0.116711,0.083479,1.271654,1.382027,1252.818774,1252.818774,645.625048,918.818998,4380.0
520.551174,776.003367,776.003367,1129.611303,2139.929643,1118.098572,1036.254999,0.008445,0.0,0.0,0.097496,0.10555,0.710444,0.078066,659509.175661,390538.277001,757609.815827,-924.551834,-701680.129668,-62728.614611,1586517.369278,-1551199.200868,-27594.688125,1.2e-05,0.016066,0.01631,0.0,5.8e-05,0.0,0.94781,0.291188,0.048841,0.160556,0.01631,0.026931,0.06574,0.059188,0.116742,0.083501,1.271432,1.381828,1253.839777,1253.839777,647.43881,920.722034,4410.0
520.551042,776.510356,776.510356,1129.78203,2140.269709,1118.198741,1036.344218,0.008444,0.0,0.0,0.097509,0.105557,0.71043,0.07806,662298.267613,392365.027531,757017.564802,-917.707049,-699596.47492,-62935.006474,1586923.339279,-1552807.359281,-27684.356357,1.2e-05,0.016063,0.016297,0.0,5.8e-05,0.0,0.94766,0.291142,0.048803,0.160597,0.016297,0.02691,0.065757,0.059142,0.116771,0.083522,1.27122,1.381639,1254.853869,1254.853869,649.235169,922.618058,4440.0
520.550911,777.013937,777.013937,1129.951422,2140.607456,1118.298175,1036.432757,0.008444,0.0,0.0,0.097522,0.105565,0.710416,0.078053,665077.357321,394185.943133,756454.162273,-910.958948,-697538.927002,-63137.068527,1587320.601219,-1554414.171775,-27773.63724,1.2e-05,0.016061,0.016285,0.0,5.8e-05,0.0,0.947516,0.291098,0.048767,0.160637,0.016285,0.02689,0.065773,0.059098,0.116801,0.083543,1.271018,1.38146,1255.861144,1255.861144,651.014202,924.504069,4470.0
520.550782,777.514156,777.514156,1130.119499,2140.942916,1118.396885,1036.520626,0.008444,0.0,0.0,0.097534,0.105572,0.710403,0.078046,667846.53824,396001.074137,755920.0926,-904.305527,-695507.222066,-63335.153986,1587709.16509,-1556020.041261,-27862.534852,1.2e-05,0.016058,0.016274,0.0,5.8e-05,0.0,0.947381,0.291056,0.048732,0.160677,0.016274,0.026871,0.065789,0.059056,0.116829,0.083564,1.270827,1.381291,1256.861693,1256.861693,652.776019,926.37774,4500.0
520.550653,778.011057,778.011057,1130.286278,2141.27612,1118.494881,1036.607833,0.008444,0.0,0.0,0.097547,0.10558,0.71039,0.078039,670605.902395,397810.470153,755415.742123,-897.744834,-693501.099642,-63529.569123,1588089.052957,-1557625.328274,-27951.053206,1.2e-05,0.016056,0.016263,0.0,5.8e-05,0.0,0.947252,0.291017,0.0487,0.160715,0.016263,0.026853,0.065805,0.059017,0.116857,0.083584,1.270646,1.381132,1257.855604,1257.855604,654.520748,928.237285,4530.0
520.550525,778.504683,778.504683,1130.45178,2141.607097,1118.592173,1036.694389,0.008444,0.0,0.0,0.097559,0.105588,0.710378,0.078032,673355.54041,399614.180085,754941.410411,-891.274975,-691520.301872,-63720.579543,1588460.297666,-1559230.35544,-28039.196246,1.2e-05,0.016054,0.016253,0.0,5.8e-05,0.0,0.947132,0.29098,0.048669,0.160753,0.016253,0.026836,0.065821,0.05898,0.116884,0.083603,1.270476,1.380983,1258.842966,1258.842966,656.248528,930.081348,4560.0
520.550399,778.995079,778.995079,1130.616023,2141.935876,1118.688771,1036.780303,0.008444,0.0,0.0,0.097571,0.105596,0.710365,0.078025,676095.541543,401412.252147,754497.320866,-884.894101,-689564.572562,-63908.416114,1588822.941401,-1560835.411637,-28126.967853,1.2e-05,0.016052,0.016243,0.0,5.8e-05,0.0,0.947019,0.290945,0.048641,0.160789,0.016243,0.02682,0.065836,0.058945,0.116911,0.083622,1.270317,1.380844,1259.823864,1259.823864,657.959505,931.908928,4590.0
520.550274,779.482285,779.482285,1130.779025,2142.262488,1118.784685,1036.865583,0.008443,0.0,0.0,0.097582,0.105603,0.710354,0.078017,678825.993706,403204.733877,754083.63005,-878.600417,-687633.656374,-64093.280138,1589177.034391,-1562440.755672,-28214.371841,1.2e-05,0.01605,0.016234,0.0,5.8e-05,0.0,0.946914,0.290913,0.048614,0.160825,0.016234,0.026805,0.06585,0.058913,0.116937,0.083641,1.270169,1.380716,1260.798382,1260.798382,659.653831,933.719301,4620.0
520.550149,779.966343,779.966343,1130.940803,2142.586959,1118.879923,1036.95024,0.008443,0.0,0.0,0.097593,0.105611,0.710342,0.07801,681546.983503,404991.672148,753700.460235,-872.392173,-685727.314697,-64275.34777,1589522.633414,-1564046.627047,-28301.411962,1.2e-05,0.016049,0.016226,0.0,5.8e-05,0.0,0.946816,0.290883,0.048589,0.16086,0.016226,0.026792,0.065865,0.058883,0.116963,0.083659,1.270031,1.380598,1261.766602,1261.766602,661.331659,935.511974,4650.0
520.550026,780.447294,780.447294,1131.101374,2142.909318,1118.974495,1037.03428,0.008443,0.0,0.0,0.097605,0.105619,0.710331,0.078002,684258.596247,406773.113184,753352.501524,-866.267672,-683847.744319,-64454.773775,1589859.453553,-1565655.077403,-28388.091909,1.2e-05,0.016047,0.016219,0.0,5.8e-05,0.0,0.946728,0.290856,0.048567,0.160894,0.016219,0.026779,0.065879,0.058856,0.116987,0.083677,1.269907,1.380493,1262.728606,1262.728606,662.993145,937.286632,4680.0
520.549904,780.925176,780.925176,1131.260757,2143.229592,1119.06841,1037.117714,0.008443,0.0,0.0,0.097616,0.105627,0.710321,0.077994,686960.915997,408549.102567,753045.48233,-860.225258,-681997.097932,-64631.694713,1590186.620166,-1567268.669281,-28474.415312,1.2e-05,0.016046,0.016212,0.0,5.8e-05,0.0,0.94665,0.290832,0.048547,0.160927,0.016212,0.026768,0.065892,0.058832,0.117012,0.083694,1.269797,1.380401,1263.684473,1263.684473,664.638446,939.043108,4710.0
520.549783,781.40003,781.40003,1131.418967,2143.547808,1119.161677,1037.200549,0.008443,0.0,0.0,0.097626,0.105635,0.71031,0.077985,689654.025575,410319.685257,752776.708794,-854.263309,-680173.606892,-64806.231646,1590504.276237,-1568886.49744,-28560.385743,1.2e-05,0.016045,0.016206,0.0,5.8e-05,0.0,0.946581,0.290811,0.04853,0.16096,0.016206,0.026759,0.065905,0.058811,0.117035,0.083711,1.2697,1.380323,1264.63428,1264.63428,666.26772,940.781348,4740.0
520.549662,781.871892,781.871892,1131.57602,2143.863991,1119.254304,1037.282794,0.008443,0.0,0.0,0.097637,0.105644,0.7103,0.077976,692338.006596,412084.905597,752542.846149,-848.380247,-678375.528407,-64978.492419,1590812.951602,-1570507.389959,-28646.00672,1.2e-05,0.016044,0.016201,0.0,5.8e-05,0.0,0.946522,0.290792,0.048515,0.160991,0.016201,0.026751,0.065918,0.058792,0.117058,0.083727,1.269617,1.380256,1265.578104,1265.578104,667.881125,942.501389,4770.0
520.549543,782.340801,782.340801,1131.731933,2144.178168,1119.346301,1037.364456,0.008443,0.0,0.0,0.097647,0.105652,0.710291,0.077967,695012.939491,413844.807331,752341.647719,-842.574539,-676601.676043,-65148.573606,1591113.074482,-1572130.616313,-28731.281701,1.2e-05,0.016043,0.016197,0.0,5.8e-05,0.0,0.946471,0.290777,0.048502,0.161021,0.016197,0.026743,0.065931,0.058777,0.11708,0.083743,1.269545,1.380201,1266.51602,1266.51602,669.478822,944.203337,4800.0
520.549425,782.806794,782.806794,1131.886721,2144.490364,1119.437674,1037.445543,0.008443,0.0,0.0,0.097657,0.10566,0.710282,0.077958,697678.903532,415599.433608,752171.714811,-836.844692,-674851.249306,-65316.562138,1591404.940958,-1573755.785543,-28816.21409,1.2e-05,0.016042,0.016193,0.0,5.8e-05,0.0,0.946427,0.290763,0.048491,0.161051,0.016193,0.026737,0.065943,0.058763,0.117101,0.083758,1.269484,1.380156,1267.448102,1267.448102,671.060969,945.887356,4830.0
520.549308,783.269905,783.269905,1132.040399,2144.800604,1119.528433,1037.526064,0.008442,0.0,0.0,0.097667,0.105669,0.710273,0.077948,700335.976852,417348.827002,752032.155034,-831.189252,-673123.675202,-65482.536691,1591688.760494,-1575382.707142,-28900.807241,1.2e-05,0.016042,0.01619,0.0,5.8e-05,0.0,0.946392,0.290753,0.048482,0.161079,0.01619,0.026732,0.065954,0.058753,0.117122,0.083773,1.269434,1.380122,1268.37442,1268.37442,672.627729,947.553649,4860.0
520.549191,783.730172,783.730172,1132.192983,2145.108911,1119.618586,1037.606025,0.008442,0.0,0.0,0.097677,0.105677,0.710265,0.077939,702984.236473,419093.029514,751922.36454,-825.606799,-671418.512896,-65646.568852,1591964.691788,-1577011.303331,-28985.06445,1.2e-05,0.016041,0.016188,0.0,5.8e-05,0.0,0.946364,0.290744,0.048475,0.161107,0.016188,0.026728,0.065966,0.058744,0.117142,0.083788,1.269394,1.380098,1269.295048,1269.295048,674.179521,949.202452,4890.0
520.549076,784.187628,784.187628,1132.344487,2145.41531,1119.708139,1037.685434,0.008442,0.0,0.0,0.097686,0.105686,0.710257,0.077929,705623.758324,420832.082591,751841.904416,-820.095951,-669735.399952,-65808.724102,1592232.864044,-1578641.559488,-29068.988967,1.2e-05,0.016041,0.016186,0.0,5.8e-05,0.0,0.946344,0.290738,0.04847,0.161134,0.016186,0.026726,0.065977,0.058738,0.117162,0.083802,1.269366,1.380084,1270.210052,1270.210052,675.716932,950.834025,4920.0
520.548961,784.642307,784.642307,1132.494925,2145.719823,1119.797102,1037.764299,0.008442,0.0,0.0,0.097696,0.105695,0.710249,0.077919,708254.617263,422566.027127,751790.431269,-814.655359,-668074.021888,-65969.062652,1592493.388975,-1580273.496358,-29152.583988,1.2e-05,0.01604,0.016185,0.0,5.8e-05,0.0,0.94633,0.290734,0.048466,0.161161,0.016185,0.026724,0.065988,0.058734,0.117181,0.083815,1.269347,1.38008,1271.119504,1271.119504,677.23971,952.448643,4950.0
520.548848,785.094244,785.094244,1132.644312,2146.022475,1119.885481,1037.842626,0.008442,0.0,0.0,0.097705,0.105703,0.710242,0.077908,710876.887099,424294.903484,751767.657681,-809.283706,-666434.094547,-66127.64014,1592746.367617,-1581907.154244,-29235.852661,1.2e-05,0.01604,0.016184,0.0,5.8e-05,0.0,0.946325,0.290732,0.048465,0.161186,0.016184,0.026723,0.065998,0.058732,0.1172,0.083829,1.269339,1.380086,1272.023468,1272.023468,678.747852,954.046593,4980.0
520.548735,785.54347,785.54347,1132.792662,2146.323287,1119.973284,1037.920423,0.008442,0.0,0.0,0.097714,0.105712,0.710234,0.077898,713490.640613,426018.751492,751773.329358,-803.979711,-664815.353714,-66284.508222,1592991.894262,-1583542.583886,-29318.798088,1.2e-05,0.01604,0.016185,0.0,5.8e-05,0.0,0.946326,0.290732,0.048465,0.161211,0.016185,0.026723,0.066008,0.058732,0.117218,0.083842,1.269341,1.380101,1272.922011,1272.922011,680.241453,955.628169,5010.0
520.548623,785.990019,785.990019,1132.939988,2146.622282,1120.060518,1037.997695,0.008442,0.0,0.0,0.097723,0.105721,0.710228,0.077887,716095.949575,427737.610465,751807.211916,-798.74212,-663217.548928,-66439.715076,1593230.058741,-1585179.841213,-29401.42332,1.2e-05,0.016041,0.016185,0.0,5.8e-05,0.0,0.946335,0.290735,0.048467,0.161235,0.016185,0.026724,0.066018,0.058735,0.117235,0.083854,1.269353,1.380126,1273.815197,1273.815197,681.720639,957.193669,5040.0
520.548512,786.433922,786.433922,1133.086303,2146.919482,1120.14719,1038.074451,0.008442,0.0,0.0,0.097731,0.10573,0.710221,0.077876,718692.884767,429451.519207,751869.083097,-793.569714,-661640.439702,-66593.305822,1593460.947772,-1586818.984265,-29483.731365,1.2e-05,0.016041,0.016187,0.0,5.8e-05,0.0,0.94635,0.29074,0.048471,0.161259,0.016187,0.026727,0.066028,0.05874,0.117252,0.083866,1.269375,1.380161,1274.703091,1274.703091,683.185551,958.743392,5070.0
520.548402,786.87521,786.87521,1133.231621,2147.214907,1120.233308,1038.150696,0.008442,0.0,0.0,0.09774,0.105739,0.710215,0.077865,721281.516001,431160.516023,751958.727898,-788.461299,-660083.793025,-66745.322879,1593684.645788,-1588460.071298,-29565.725185,1.2e-05,0.016041,0.016189,0.0,5.8e-05,0.0,0.946373,0.290747,0.048477,0.161281,0.016189,0.02673,0.066037,0.058747,0.117269,0.083878,1.269407,1.380205,1275.585754,1275.585754,684.636331,960.277636,5100.0
520.548293,787.313914,787.313914,1133.375955,2147.508579,1120.318878,1038.226438,0.008442,0.0,0.0,0.097748,0.105748,0.710209,0.077853,723861.912136,432864.638728,752075.935231,-783.415713,-658547.381568,-66895.806269,1593901.2355,-1590103.159483,-29647.407698,1.2e-05,0.016042,0.016191,0.0,5.8e-05,0.0,0.946403,0.290756,0.048485,0.161303,0.016191,0.026734,0.066046,0.058756,0.117285,0.08389,1.269449,1.380259,1276.463247,1276.463247,686.073128,961.796695,5130.0
520.548184,787.750064,787.750064,1133.519316,2147.800518,1120.403907,1038.301682,0.008442,0.0,0.0,0.097756,0.105757,0.710204,0.077842,726434.141096,434563.924654,752220.495489,-778.431821,-657030.982335,-67044.793873,1594110.7983,-1591748.303981,-29728.781778,1.2e-05,0.016042,0.016194,0.0,5.8e-05,0.0,0.94644,0.290767,0.048494,0.161325,0.016194,0.026739,0.066055,0.058767,0.1173,0.083901,1.269501,1.380322,1277.335632,1277.335632,687.496088,963.300864,5160.0
520.548077,788.18369,788.18369,1133.661718,2148.090745,1120.488401,1038.376434,0.008442,0.0,0.0,0.097764,0.105766,0.710198,0.07783,728998.26989,436258.410661,752392.198787,-773.508514,-655534.375651,-67192.321653,1594313.414563,-1593395.557276,-29809.850257,1.2e-05,0.016043,0.016198,0.0,5.8e-05,0.0,0.946483,0.290781,0.048505,0.161345,0.016198,0.026745,0.066063,0.058781,0.117315,0.083911,1.269563,1.380394,1278.202966,1278.202966,688.905359,964.790427,5190.0
520.54797,788.614819,788.614819,1133.803172,2148.379279,1120.572367,1038.450701,0.008442,0.0,0.0,0.097771,0.105776,0.710193,0.077818,731554.364628,437948.133143,752590.833753,-768.644709,-654057.344422,-67338.423837,1594509.163872,-1595044.968733,-29890.615925,1.2e-05,0.016044,0.016202,0.0,5.8e-05,0.0,0.946534,0.290796,0.048518,0.161365,0.016202,0.026752,0.066071,0.058796,0.11733,0.083922,1.269634,1.380476,1279.065308,1279.065308,690.301088,966.265668,5220.0
520.547864,789.043482,789.043482,1133.943691,2148.66614,1120.655812,1038.524489,0.008441,0.0,0.0,0.097779,0.105785,0.710189,0.077806,734102.490537,439633.128039,752816.186758,-763.839351,-652599.673628,-67483.133078,1594698.12516,-1596696.584328,-29971.081532,1.2e-05,0.016045,0.016207,0.0,5.8e-05,0.0,0.946591,0.290814,0.048532,0.161384,0.016207,0.02676,0.066079,0.058814,0.117343,0.083931,1.269715,1.380567,1279.922716,1279.922716,691.68342,967.726863,5250.0
520.547759,789.469707,789.469707,1134.083285,2148.951348,1120.738742,1038.597804,0.008441,0.0,0.0,0.097786,0.105794,0.710185,0.077793,736642.711977,441313.430838,753068.041496,-759.091408,-651161.149989,-67626.480599,1594880.376817,-1598350.446529,-30051.249788,1.2e-05,0.016046,0.016212,0.0,5.8e-05,0.0,0.946655,0.290833,0.048549,0.161402,0.016212,0.026769,0.066087,0.058833,0.117357,0.083941,1.269805,1.380666,1280.775245,1280.775245,693.052501,969.174282,5280.0
520.547654,789.89352,789.89352,1134.221967,2149.234921,1120.821162,1038.670651,0.008441,0.0,0.0,0.097794,0.105804,0.71018,0.077781,739175.09246,442989.076587,753346.178829,-754.39987,-649741.56176,-67768.496303,1595055.996737,-1600006.59427,-30131.123363,1.2e-05,0.016047,0.016218,0.0,5.8e-05,0.0,0.946726,0.290855,0.048567,0.16142,0.016218,0.026779,0.066094,0.058855,0.11737,0.08395,1.269905,1.380775,1281.622951,1281.622951,694.408474,970.608189,5310.0
520.54755,790.314948,790.314948,1134.359749,2149.516877,1120.903079,1038.743037,0.008441,0.0,0.0,0.097801,0.105813,0.710177,0.077768,741699.694662,444660.099904,753650.376793,-749.763754,-648340.698621,-67909.208884,1595225.062354,-1601665.062998,-30210.704891,1.2e-05,0.016048,0.016225,0.0,5.8e-05,0.0,0.946803,0.290879,0.048586,0.161437,0.016225,0.02679,0.066101,0.058879,0.117382,0.083959,1.270013,1.380893,1282.465888,1282.465888,695.751484,972.028842,5340.0
520.547448,790.73402,790.73402,1134.496639,2149.797236,1120.9845,1038.814966,0.008441,0.0,0.0,0.097808,0.105823,0.710173,0.077755,744216.580439,446326.534977,753980.41072,-745.182097,-646958.351623,-68048.645913,1595387.650645,-1603325.884768,-30289.996965,1.2e-05,0.01605,0.016232,0.0,5.8e-05,0.0,0.946887,0.290905,0.048607,0.161454,0.016232,0.026802,0.066108,0.058905,0.117394,0.083968,1.270132,1.381019,1283.304109,1283.304109,697.08167,973.436493,5370.0
520.547345,791.15076,791.15076,1134.632651,2150.076014,1121.065429,1038.886444,0.008441,0.0,0.0,0.097814,0.105832,0.71017,0.077742,746725.810846,447988.415578,754336.053431,-740.653959,-645594.313175,-68186.83392,1595543.838128,-1604989.088362,-30369.002144,1.2e-05,0.016051,0.01624,0.0,5.8e-05,0.0,0.946978,0.290933,0.04863,0.16147,0.01624,0.026814,0.066114,0.058933,0.117406,0.083976,1.270259,1.381155,1284.137666,1284.137666,698.399174,974.831385,5400.0
520.547244,791.565195,791.565195,1134.767794,2150.35323,1121.145872,1038.957478,0.008441,0.0,0.0,0.097821,0.105842,0.710167,0.077729,749227.446144,449645.775067,754717.075455,-736.178421,-644248.377056,-68323.798463,1595693.700852,-1606654.699418,-30447.722949,1.2e-05,0.016053,0.016248,0.0,5.8e-05,0.0,0.947075,0.290962,0.048655,0.161485,0.016248,0.026828,0.06612,0.058962,0.117417,0.083984,1.270396,1.381299,1284.966612,1284.966612,699.704135,976.213757,5430.0
520.547143,791.977349,791.977349,1134.902079,2150.628901,1121.225835,1039.028071,0.008441,0.0,0.0,0.097827,0.105852,0.710164,0.077715,751721.545822,451298.6464,755123.245265,-731.754585,-642920.338437,-68459.564189,1595837.314385,-1608322.740572,-30526.161867,1.2e-05,0.016055,0.016257,0.0,5.8e-05,0.0,0.947178,0.290994,0.048681,0.161499,0.016257,0.026842,0.066126,0.058994,0.117427,0.083991,1.270541,1.381452,1285.790997,1285.790997,700.996691,977.583843,5460.0
520.547043,792.387249,792.387249,1135.035517,2150.903044,1121.305325,1039.098229,0.008441,0.0,0.0,0.097834,0.105862,0.710162,0.077701,754208.168605,452947.062135,755554.329516,-727.381573,-641609.993909,-68594.15489,1595974.753795,-1609993.23159,-30604.321349,1.2e-05,0.016057,0.016266,0.0,5.8e-05,0.0,0.947288,0.291028,0.048709,0.161513,0.016266,0.026858,0.066132,0.059028,0.117437,0.083999,1.270696,1.381613,1286.610871,1286.610871,702.276978,978.941868,5490.0
520.546944,792.794918,792.794918,1135.168116,2151.175676,1121.384345,1039.167957,0.008441,0.0,0.0,0.09784,0.105872,0.71016,0.077687,756687.37247,454591.05444,756010.093275,-723.058528,-640317.141517,-68727.593553,1596106.093642,-1611666.189506,-30682.203813,1.2e-05,0.016059,0.016276,0.0,5.8e-05,0.0,0.947403,0.291063,0.048738,0.161526,0.016276,0.026874,0.066137,0.059063,0.117447,0.084006,1.270859,1.381783,1287.426283,1287.426283,703.545132,980.288052,5520.0
520.546845,793.200381,793.200381,1135.299888,2151.446813,1121.462902,1039.237261,0.008441,0.0,0.0,0.097846,0.105882,0.710158,0.077673,759159.214661,456230.6551,756490.300233,-718.784609,-639041.58079,-68859.902404,1596231.407955,-1613341.628743,-30759.811643,1.2e-05,0.016061,0.016286,0.0,5.8e-05,0.0,0.947526,0.291101,0.048769,0.161539,0.016286,0.026891,0.066143,0.059101,0.117456,0.084012,1.271031,1.381961,1288.237282,1288.237282,704.801288,981.62261,5550.0
520.546747,793.603661,793.603661,1135.430842,2151.716472,1121.541,1039.306145,0.008441,0.0,0.0,0.097852,0.105892,0.710157,0.077659,761623.751698,457865.89552,756994.712917,-714.558996,-637783.112769,-68991.102948,1596350.77023,-1615019.561243,-30837.147191,1.2e-05,0.016063,0.016297,0.0,5.8e-05,0.0,0.947654,0.29114,0.048802,0.161551,0.016297,0.026909,0.066148,0.05914,0.117465,0.084018,1.271212,1.382147,1289.043914,1289.043914,706.045579,982.945751,5580.0
520.54665,794.004781,794.004781,1135.560988,2151.984668,1121.618646,1039.374614,0.008441,0.0,0.0,0.097857,0.105902,0.710155,0.077644,764081.039391,459496.806735,757523.092877,-710.380887,-636541.540036,-69121.216009,1596464.253408,-1616699.996577,-30914.212776,1.2e-05,0.016065,0.016308,0.0,5.8e-05,0.0,0.947788,0.291181,0.048836,0.161563,0.016308,0.026928,0.066152,0.059181,0.117473,0.084024,1.271401,1.382342,1289.846227,1289.846227,707.278135,984.257677,5610.0
520.546554,794.403766,794.403766,1135.690334,2152.251417,1121.695843,1039.442673,0.008441,0.0,0.0,0.097863,0.105912,0.710154,0.07763,766531.132857,461123.419415,758075.200863,-706.249496,-635316.666738,-69250.261758,1596571.929872,-1618382.942058,-30991.010685,1.2e-05,0.016068,0.01632,0.0,5.8e-05,0.0,0.947929,0.291225,0.048871,0.161574,0.01632,0.026947,0.066157,0.059225,0.117481,0.08403,1.271599,1.382544,1290.644267,1290.644267,708.499089,985.558587,5640.0
520.546458,794.800637,794.800637,1135.818891,2152.516735,1121.772597,1039.510327,0.008441,0.0,0.0,0.097869,0.105922,0.710153,0.077615,768974.086524,462745.763868,758650.796993,-702.164055,-634108.298606,-69378.259751,1596673.871437,-1620068.402843,-31067.543175,1.2e-05,0.01607,0.016333,0.0,5.8e-05,0.0,0.948075,0.29127,0.048909,0.161584,0.016333,0.026968,0.066161,0.05927,0.117489,0.084035,1.271805,1.382755,1291.438078,1291.438078,709.708568,986.848673,5670.0
520.546362,795.195416,795.195416,1135.946668,2152.780637,1121.848914,1039.577579,0.008441,0.0,0.0,0.097874,0.105932,0.710153,0.0776,771409.954149,464363.870053,759249.640907,-698.123814,-632916.242976,-69505.22895,1596770.14934,-1621756.382035,-31143.812473,1.2e-05,0.016073,0.016346,0.0,5.8e-05,0.0,0.948227,0.291316,0.048947,0.161594,0.016346,0.026989,0.066165,0.059316,0.117496,0.084041,1.27202,1.382974,1292.227707,1292.227707,710.906701,988.128123,5700.0
520.546268,795.588126,795.588126,1136.073673,2153.043138,1121.924797,1039.644436,0.008441,0.0,0.0,0.097879,0.105943,0.710152,0.077585,773838.788827,465977.767577,759871.491909,-694.128036,-631740.308807,-69631.187757,1596860.834237,-1623446.880771,-31219.820774,1.2e-05,0.016075,0.016359,0.0,5.8e-05,0.0,0.948385,0.291365,0.048987,0.161603,0.016359,0.027011,0.066169,0.059365,0.117503,0.084045,1.272242,1.383201,1293.013195,1293.013195,712.093616,989.397119,5730.0
520.546174,795.978788,795.978788,1136.199915,2153.304253,1122.000252,1039.710901,0.008441,0.0,0.0,0.097884,0.105953,0.710152,0.077569,776260.643003,467587.485708,760530.17431,-690.176012,-630580.30669,-69763.88352,1596945.280452,-1625145.518294,-31295.570246,1.2e-05,0.016078,0.016373,0.0,5.8e-05,0.0,0.948553,0.291416,0.04903,0.161611,0.016373,0.027034,0.066172,0.059416,0.117509,0.08405,1.272478,1.38344,1293.794587,1293.794587,713.269437,990.73864,5760.0
520.546081,796.367423,796.367423,1136.325403,2153.563996,1122.075283,1039.776978,0.008441,0.0,0.0,0.097889,0.105964,0.710153,0.077553,778675.568483,469193.053377,761280.288185,-686.267086,-629436.048865,-69927.346316,1597016.223117,-1626875.786008,-31371.063027,1.2e-05,0.016081,0.016389,0.0,5.8e-05,0.0,0.948744,0.291475,0.049078,0.161619,0.016389,0.027061,0.066175,0.059475,0.117514,0.084053,1.272747,1.383712,1294.571925,1294.571925,714.434288,992.223761,5790.0
520.545988,796.754053,796.754053,1136.450146,2153.822381,1122.149895,1039.842672,0.008441,0.0,0.0,0.097894,0.105975,0.710154,0.077536,781083.616445,470794.499182,762071.526282,-682.400487,-628307.349226,-70095.837725,1597076.93252,-1628616.570136,-31446.301228,1.2e-05,0.016085,0.016406,0.0,5.8e-05,0.0,0.948945,0.291537,0.049129,0.161625,0.016406,0.027089,0.066178,0.059537,0.117519,0.084057,1.273031,1.383997,1295.345251,1295.345251,715.588294,993.733027,5820.0
520.545896,797.138698,797.138698,1136.574151,2154.079422,1122.224092,1039.907987,0.008441,0.0,0.0,0.097898,0.105987,0.710155,0.077519,783484.837448,472391.851398,762882.913497,-678.575536,-627194.078014,-70261.827521,1597131.928066,-1630359.073561,-31521.286931,1.2e-05,0.016088,0.016424,0.0,5.8e-05,0.0,0.949151,0.2916,0.049181,0.16163,0.016424,0.027118,0.06618,0.0596,0.117523,0.08406,1.273321,1.38429,1296.114607,1296.114607,716.731576,995.244661,5850.0
520.545804,797.521378,797.521378,1136.697427,2154.335135,1122.297879,1039.972928,0.008441,0.0,0.0,0.097903,0.105998,0.710157,0.077501,785879.281447,473985.137977,763712.921548,-674.791593,-626096.831248,-70424.613805,1597182.120505,-1632102.783217,-31596.022191,1.2e-05,0.016092,0.016442,0.0,5.8e-05,0.0,0.949362,0.291665,0.049235,0.161635,0.016442,0.027148,0.066182,0.059665,0.117526,0.084062,1.273619,1.384588,1296.880032,1296.880032,717.864254,996.752833,5880.0
520.545714,797.902113,797.902113,1136.819983,2154.589531,1122.371261,1040.037498,0.008441,0.0,0.0,0.097907,0.10601,0.710159,0.077484,788266.997796,475574.386557,764563.287943,-671.048019,-625016.166636,-70584.401403,1597227.381183,-1633848.544032,-31670.509037,1.2e-05,0.016096,0.01646,0.0,5.8e-05,0.0,0.949579,0.291732,0.04929,0.16164,0.01646,0.027178,0.066184,0.059732,0.11753,0.084065,1.273923,1.384894,1297.641566,1297.641566,718.986448,998.254628,5910.0
520.545623,798.280923,798.280923,1136.941826,2154.842624,1122.444241,1040.101701,0.008441,0.0,0.0,0.097911,0.106021,0.710161,0.077466,790648.035263,477159.624465,765434.350599,-667.344182,-623951.837285,-70741.465798,1597267.637515,-1635596.591377,-31744.749471,1.2e-05,0.016099,0.016479,0.0,5.8e-05,0.0,0.9498,0.2918,0.049346,0.161644,0.016479,0.027209,0.066186,0.0598,0.117533,0.084067,1.274235,1.385207,1298.39925,1298.39925,720.098278,999.748054,5940.0
520.545534,798.657827,798.657827,1137.062964,2155.094428,1122.516824,1040.165542,0.008441,0.0,0.0,0.097915,0.106032,0.710163,0.077448,793022.442041,478740.878721,766325.669976,-663.67946,-622903.325421,-70896.049204,1597302.95648,-1637346.826902,-31818.74547,1.2e-05,0.016103,0.016498,0.0,5.8e-05,0.0,0.950027,0.291869,0.049403,0.161648,0.016498,0.02724,0.066187,0.059869,0.117535,0.084069,1.274555,1.385526,1299.153121,1299.153121,721.199862,1001.231652,5970.0
520.545445,799.032844,799.032844,1137.183404,2155.344956,1122.589014,1040.229024,0.008441,0.0,0.0,0.097919,0.106044,0.710166,0.07743,795390.265751,480318.176047,767236.677117,-660.053246,-621870.120094,-71048.354563,1597333.446086,-1639099.096316,-31892.498984,1.2e-05,0.016107,0.016517,0.0,5.8e-05,0.0,0.950258,0.29194,0.049462,0.161651,0.016517,0.027273,0.066188,0.05994,0.117537,0.08407,1.274881,1.385853,1299.903218,1299.903218,722.291319,1002.70436,6000.0
520.545356,799.405993,799.405993,1137.303155,2155.594216,1122.660815,1040.292152,0.008441,0.0,0.0,0.097923,0.106056,0.710168,0.077412,797751.553457,481891.542867,768166.87285,-656.464506,-620851.782886,-71198.551335,1597359.210845,-1640853.273029,-31966.01194,1.2e-05,0.016111,0.016537,0.0,5.8e-05,0.0,0.950495,0.292013,0.049522,0.161653,0.016537,0.027306,0.066189,0.060013,0.117539,0.084072,1.275214,1.386186,1300.649579,1300.649579,723.372769,1004.165417,6030.0
520.545268,799.777293,799.777293,1137.422224,2155.842215,1122.732231,1040.354928,0.008441,0.0,0.0,0.097926,0.106067,0.710171,0.077394,800106.351675,483461.005313,769115.854877,-652.913034,-619847.94653,-71346.781604,1597380.341992,-1642609.269461,-32039.286241,1.2e-05,0.016115,0.016558,0.0,5.8e-05,0.0,0.950736,0.292087,0.049583,0.161655,0.016558,0.02734,0.06619,0.060087,0.117541,0.084073,1.275554,1.386525,1301.39224,1301.39224,724.44433,1005.614298,6060.0
520.545181,800.146762,800.146762,1137.540618,2156.088964,1122.803267,1040.417357,0.008441,0.0,0.0,0.09793,0.106079,0.710174,0.077376,802454.706379,485026.58923,770083.298102,-649.398328,-618858.299578,-71493.16522,1597396.918455,-1644367.029669,-32112.323763,1.2e-05,0.016119,0.016579,0.0,5.8e-05,0.0,0.950982,0.292163,0.049646,0.161657,0.016579,0.027374,0.066191,0.060163,0.117542,0.084074,1.275901,1.386871,1302.131238,1302.131238,725.50612,1007.05066,6090.0
520.545094,800.514418,800.514418,1137.658344,2156.334476,1122.873926,1040.479443,0.008441,0.0,0.0,0.097933,0.106091,0.710177,0.077357,804796.66301,486588.320181,771068.929837,-645.919828,-617882.571688,-71637.803991,1597409.010337,-1646126.518307,-32185.126361,1.2e-05,0.016124,0.0166,0.0,5.8e-05,0.0,0.951233,0.29224,0.049709,0.161658,0.0166,0.027409,0.066191,0.06024,0.117543,0.084074,1.276254,1.387223,1302.86661,1302.86661,726.558253,1008.4743,6120.0
520.545008,800.880278,800.880278,1137.77541,2156.578764,1122.944212,1040.541188,0.008441,0.0,0.0,0.097937,0.106103,0.710181,0.077338,807132.266486,488146.223451,772072.511565,-642.476987,-616920.522359,-71780.785063,1597416.681731,-1647887.713022,-32257.695866,1.2e-05,0.016128,0.016622,0.0,5.8e-05,0.0,0.951488,0.292318,0.049774,0.161659,0.016622,0.027445,0.066192,0.060318,0.117544,0.084075,1.276614,1.387582,1303.598389,1303.598389,727.600844,1009.885122,6150.0
520.544922,801.24436,801.24436,1137.891822,2156.821839,1123.014129,1040.602598,0.008441,0.0,0.0,0.09794,0.106114,0.710184,0.07732,809461.561212,489700.324049,773093.826348,-639.069266,-615971.932853,-71922.183663,1597419.992731,-1649650.599212,-32330.034086,1.2e-05,0.016132,0.016644,0.0,5.8e-05,0.0,0.951748,0.292398,0.04984,0.161659,0.016644,0.027481,0.066192,0.060398,0.117544,0.084075,1.27698,1.387946,1304.326612,1304.326612,728.634004,1011.283113,6180.0
520.544837,801.606681,801.606681,1138.007588,2157.063714,1123.08368,1040.663674,0.008441,0.0,0.0,0.097943,0.106126,0.710188,0.077301,811784.591085,491250.646716,774132.670594,-635.696139,-615036.600513,-72062.065307,1597419.000768,-1651415.166596,-32402.142808,1.2e-05,0.016137,0.016666,0.0,5.8e-05,0.0,0.952012,0.292479,0.049907,0.161659,0.016666,0.027518,0.066192,0.060479,0.117544,0.084075,1.277352,1.388316,1305.051313,1305.051313,729.657844,1012.668322,6210.0
520.544752,801.967258,801.967258,1138.122714,2157.304401,1123.15287,1040.724421,0.008442,0.0,0.0,0.097946,0.106138,0.710192,0.077282,814101.399502,492797.215926,775188.848828,-632.357089,-614114.334781,-72200.487584,1597413.761475,-1653181.407055,-32474.023795,1.2e-05,0.016141,0.016689,0.0,5.8e-05,0.0,0.952281,0.292562,0.049975,0.161659,0.016689,0.027556,0.066192,0.060562,0.117543,0.084074,1.27773,1.388693,1305.772525,1305.772525,730.672471,1014.040845,6240.0
520.544668,802.326108,802.326108,1138.237208,2157.543909,1123.221702,1040.784842,0.008442,0.0,0.0,0.097949,0.10615,0.710197,0.077263,816412.02937,494340.055892,776262.170414,-629.051609,-613204.954385,-72337.501589,1597404.32923,-1654949.313273,-32545.678789,1.2e-05,0.016146,0.016712,0.0,5.8e-05,0.0,0.952553,0.292645,0.050044,0.161658,0.016712,0.027594,0.066191,0.060645,0.117543,0.084074,1.278115,1.389075,1306.490283,1306.490283,731.677993,1015.40081,6270.0
520.544584,802.683248,802.683248,1138.351074,2157.782253,1123.29018,1040.84494,0.008442,0.0,0.0,0.097952,0.106162,0.710201,0.077243,818716.523114,495879.190566,777352.447543,-625.779204,-612308.285329,-72473.15308,1597390.757497,-1656718.877916,-32617.109511,1.2e-05,0.016151,0.016735,0.0,5.8e-05,0.0,0.952831,0.292731,0.050114,0.161656,0.016735,0.027632,0.066191,0.060731,0.117542,0.084073,1.278505,1.389463,1307.204619,1307.204619,732.674515,1016.748374,6300.0
520.544501,803.038693,803.038693,1138.464321,2158.019441,1123.358306,1040.904719,0.008442,0.0,0.0,0.097955,0.106174,0.710205,0.077224,821014.922682,497414.64365,778459.494009,-622.539386,-611424.159451,-72607.483409,1597373.099038,-1658490.09314,-32688.317661,1.2e-05,0.016155,0.016759,0.0,5.8e-05,0.0,0.953112,0.292817,0.050186,0.161655,0.016759,0.027672,0.06619,0.060817,0.11754,0.084072,1.278902,1.389856,1307.915565,1307.915565,733.66214,1018.083707,6330.0
520.544419,803.392459,803.392459,1138.576954,2158.255486,1123.426086,1040.964181,0.008442,0.0,0.0,0.097957,0.106186,0.71021,0.077204,823307.269554,498946.438594,779583.124499,-619.331678,-610552.413359,-72740.530272,1597351.406036,-1660262.950309,-32759.304919,1.2e-05,0.01616,0.016783,0.0,5.8e-05,0.0,0.953398,0.292905,0.050258,0.161652,0.016783,0.027712,0.066189,0.060905,0.117539,0.084071,1.279305,1.390256,1308.623153,1308.623153,734.64097,1019.406996,6360.0
520.544337,803.744563,803.744563,1138.68898,2158.490398,1123.493521,1041.023331,0.008442,0.0,0.0,0.09796,0.106198,0.710215,0.077185,825593.604749,500474.598599,780723.154187,-616.155611,-609692.887662,-72872.328308,1597325.73018,-1662037.439844,-32830.072943,1.2e-05,0.016165,0.016808,0.0,5.8e-05,0.0,0.953688,0.292994,0.050331,0.16165,0.016808,0.027752,0.066188,0.060994,0.117537,0.08407,1.279713,1.390661,1309.327416,1309.327416,735.611106,1020.718432,6390.0
520.544255,804.095019,804.095019,1138.800405,2158.724189,1123.560616,1041.082171,0.008442,0.0,0.0,0.097962,0.10621,0.71022,0.077165,827873.968832,501999.146626,781879.39853,-613.010728,-608845.426381,-73002.909588,1597296.1227,-1663813.551159,-32900.623373,1.2e-05,0.01617,0.016833,0.0,5.8e-05,0.0,0.953982,0.293084,0.050406,0.161647,0.016833,0.027793,0.066187,0.061084,0.117535,0.084068,1.280127,1.391071,1310.028384,1310.028384,736.572647,1022.018214,6420.0
520.544174,804.443844,804.443844,1138.911235,2158.956868,1123.627373,1041.140704,0.008442,0.0,0.0,0.097965,0.106223,0.710225,0.077145,830148.401923,503520.105396,783051.673175,-609.896577,-608009.876518,-73132.304009,1597262.634396,-1665591.272639,-32970.957829,1.2e-05,0.016175,0.016858,0.0,5.8e-05,0.0,0.95428,0.293176,0.050482,0.161644,0.016858,0.027835,0.066185,0.061176,0.117532,0.084066,1.280547,1.391488,1310.726087,1310.726087,737.525692,1023.30654,6450.0
520.544093,804.791052,804.791052,1139.021477,2159.188446,1123.693797,1041.198934,0.008442,0.0,0.0,0.097967,0.106235,0.710231,0.077125,832416.9437,505037.497393,784239.79395,-606.812716,-607186.08772,-73260.539601,1597225.315651,-1667370.591653,-33041.077911,1.2e-05,0.01618,0.016884,0.0,5.8e-05,0.0,0.954582,0.293269,0.050558,0.16164,0.016884,0.027877,0.066184,0.061269,0.117529,0.084064,1.280973,1.391909,1311.420557,1311.420557,738.470338,1024.58361,6480.0
520.544013,805.136658,805.136658,1139.131135,2159.418934,1123.75989,1041.256863,0.008442,0.0,0.0,0.097969,0.106247,0.710236,0.077105,834679.633408,506551.344867,785443.576879,-603.758712,-606373.912024,-73387.642792,1597184.216432,-1669151.494583,-33110.9852,1.2e-05,0.016186,0.016909,0.0,5.8e-05,0.0,0.954888,0.293363,0.050636,0.161636,0.016909,0.02792,0.066182,0.061363,0.117526,0.084062,1.281404,1.392336,1312.111823,1312.111823,739.406681,1025.849623,6510.0
520.543934,805.480678,805.480678,1139.240216,2159.648341,1123.825656,1041.314494,0.008442,0.0,0.0,0.097971,0.10626,0.710242,0.077085,836936.509866,508061.669843,786662.83824,-600.73414,-605573.203665,-73513.638613,1597139.386297,-1670933.96686,-33180.68126,1.2e-05,0.016191,0.016936,0.0,5.8e-05,0.0,0.955198,0.293458,0.050714,0.161631,0.016936,0.027963,0.06618,0.061458,0.117523,0.08406,1.281841,1.392768,1312.799914,1312.799914,740.334816,1027.104775,6540.0
520.543854,805.823124,805.823124,1139.348726,2159.876679,1123.891097,1041.371831,0.008442,0.0,0.0,0.097973,0.106272,0.710248,0.077065,839187.611471,509568.494116,787897.394619,-597.738582,-604783.818916,-73638.550863,1597090.874387,-1672717.993009,-33250.167635,1.2e-05,0.016196,0.016962,0.0,5.8e-05,0.0,0.955512,0.293554,0.050794,0.161626,0.016962,0.028007,0.066178,0.061554,0.11752,0.084057,1.282283,1.393206,1313.48486,1313.48486,741.254835,1028.349261,6570.0
520.543776,806.164013,806.164013,1139.45667,2160.103955,1123.956217,1041.428876,0.008442,0.0,0.0,0.097975,0.106284,0.710254,0.077044,841432.976209,511071.83926,789147.062977,-594.771629,-604005.615973,-73762.402255,1597038.729428,-1674503.556698,-33319.445851,1.2e-05,0.016201,0.016989,0.0,5.8e-05,0.0,0.95583,0.293652,0.050875,0.161621,0.016989,0.028052,0.066176,0.061652,0.117516,0.084055,1.282731,1.393648,1314.166688,1314.166688,742.166833,1029.58327,6600.0
520.543697,806.503357,806.503357,1139.564054,2160.330181,1124.021019,1041.485631,0.008442,0.0,0.0,0.097977,0.106297,0.71026,0.077024,843672.641656,512571.72663,790411.660718,-591.832879,-603238.454854,-73885.214522,1596982.999727,-1676290.640773,-33388.517417,1.2e-05,0.016207,0.017016,0.0,5.8e-05,0.0,0.956152,0.293751,0.050956,0.161615,0.017016,0.028097,0.066174,0.061751,0.117512,0.084052,1.283184,1.394096,1314.845428,1314.845428,743.070899,1030.806989,6630.0
520.54362,806.841172,806.841172,1139.670883,2160.555366,1124.085506,1041.542101,0.008442,0.0,0.0,0.097979,0.106309,0.710266,0.077003,845906.644987,514068.177363,791691.005754,-588.921937,-602482.197327,-74007.008518,1596923.733169,-1678079.227316,-33457.383825,1.2e-05,0.016212,0.017044,0.0,5.8e-05,0.0,0.956477,0.293851,0.051039,0.161609,0.017044,0.028142,0.066171,0.061851,0.117507,0.084049,1.283642,1.394549,1315.521108,1315.521108,743.967126,1032.020601,6660.0
520.543542,807.177469,807.177469,1139.777163,2160.779519,1124.14968,1041.598287,0.008442,0.0,0.0,0.097981,0.106322,0.710273,0.076982,848135.02298,515561.212384,792984.916565,-586.038417,-601736.706847,-74127.80429,1596860.977212,-1679869.297675,-33526.046549,1.2e-05,0.016218,0.017072,0.0,5.8e-05,0.0,0.956806,0.293952,0.051122,0.161603,0.017072,0.028188,0.066169,0.061952,0.117503,0.084045,1.284106,1.395007,1316.193753,1316.193753,744.855602,1033.224283,6690.0
520.543465,807.512264,807.512264,1139.8829,2161.00265,1124.213546,1041.654193,0.008443,0.0,0.0,0.097982,0.106334,0.71028,0.076961,850357.812027,517050.852406,794293.212264,-583.181938,-601001.848502,-74247.621151,1596794.778888,-1681660.832516,-33594.507045,1.2e-05,0.016224,0.0171,0.0,5.8e-05,0.0,0.957139,0.294054,0.051206,0.161596,0.0171,0.028235,0.066166,0.062054,0.117498,0.084042,1.284575,1.39547,1316.863393,1316.863393,745.736415,1034.418209,6720.0
520.543389,807.845569,807.845569,1139.988098,2161.224768,1124.277105,1041.709821,0.008443,0.0,0.0,0.097984,0.106347,0.710286,0.07694,852575.048131,518537.117938,795615.712649,-580.352127,-600277.488978,-74366.477729,1596725.184799,-1683453.81186,-33662.766755,1.2e-05,0.016229,0.017128,0.0,5.8e-05,0.0,0.957475,0.294157,0.051292,0.161589,0.017128,0.028282,0.066163,0.062157,0.117493,0.084038,1.285049,1.395937,1317.530053,1317.530053,746.609654,1035.60255,6750.0
520.543313,808.177398,808.177398,1140.092763,2161.445882,1124.34036,1041.765173,0.008443,0.0,0.0,0.097985,0.106359,0.710293,0.076919,854786.766919,520020.029282,796952.238258,-577.548617,-599563.496515,-74484.392019,1596652.241114,-1685248.215117,-33730.827103,1.2e-05,0.016235,0.017157,0.0,5.8e-05,0.0,0.957815,0.294262,0.051378,0.161582,0.017157,0.028329,0.06616,0.062262,0.117487,0.084034,1.285527,1.39641,1318.19376,1318.19376,747.475404,1036.777471,6780.0
520.543237,808.507764,808.507764,1140.196899,2161.666001,1124.403315,1041.820252,0.008443,0.0,0.0,0.097987,0.106372,0.7103,0.076898,856993.003647,521499.606537,798302.610418,-574.77105,-598859.740887,-74601.381425,1596575.99357,-1687044.02113,-33798.689496,1.2e-05,0.016241,0.017186,0.0,5.8e-05,0.0,0.958158,0.294367,0.051465,0.161574,0.017186,0.028377,0.066157,0.062367,0.117482,0.08403,1.286011,1.396887,1318.85454,1318.85454,748.333752,1037.943134,6810.0
520.543162,808.836679,808.836679,1140.300512,2161.885134,1124.465973,1041.875062,0.008443,0.0,0.0,0.097988,0.106385,0.710307,0.076877,859193.793198,522975.869606,799666.651294,-572.019071,-598166.093366,-74717.462792,1596496.487468,-1688841.208207,-33866.355327,1.2e-05,0.016247,0.017216,0.0,5.8e-05,0.0,0.958505,0.294474,0.051553,0.161566,0.017216,0.028426,0.066154,0.062474,0.117476,0.084026,1.2865,1.397369,1319.512418,1319.512418,749.184781,1039.099696,6840.0
520.543087,809.164157,809.164157,1140.403608,2162.10329,1124.528334,1041.929604,0.008443,0.0,0.0,0.097989,0.106397,0.710315,0.076856,861389.170099,524448.838195,801044.183932,-569.292333,-597482.426709,-74832.652439,1596413.767674,-1690639.754152,-33933.825972,1.2e-05,0.016253,0.017245,0.0,5.8e-05,0.0,0.958855,0.294582,0.051642,0.161558,0.017245,0.028475,0.06615,0.062582,0.11747,0.084022,1.286993,1.397856,1320.167421,1320.167421,750.028575,1040.24731,6870.0
520.543013,809.490209,809.490209,1140.50619,2162.320477,1124.590404,1041.98388,0.008443,0.0,0.0,0.09799,0.10641,0.710322,0.076834,863579.168516,525918.531816,802435.032297,-566.590497,-596808.615132,-74946.966189,1596327.878617,-1692439.636303,-34001.102793,1.2e-05,0.016259,0.017275,0.0,5.8e-05,0.0,0.959209,0.29469,0.051731,0.161549,0.017275,0.028524,0.066147,0.06269,0.117463,0.084017,1.287492,1.398347,1320.819572,1320.819572,750.865217,1041.386126,6900.0
520.542939,809.814848,809.814848,1140.608263,2162.536704,1124.652184,1042.037894,0.008443,0.0,0.0,0.097991,0.106423,0.71033,0.076813,865763.822265,527384.969791,803839.021316,-563.913227,-596144.534292,-75060.419392,1596238.864291,-1694240.831559,-34068.187136,1.2e-05,0.016265,0.017305,0.0,5.8e-05,0.0,0.959566,0.2948,0.051822,0.16154,0.017305,0.028574,0.066143,0.0628,0.117457,0.084013,1.287995,1.398842,1321.468898,1321.468898,751.694789,1042.516289,6930.0
520.542866,810.138087,810.138087,1140.709834,2162.751979,1124.713676,1042.091648,0.008443,0.0,0.0,0.097992,0.106436,0.710338,0.076791,867943.164813,528848.171254,805255.976912,-561.260195,-595490.061274,-75173.02695,1596146.76825,-1696043.316412,-34135.080331,1.2e-05,0.016271,0.017336,0.0,5.8e-05,0.0,0.959926,0.294911,0.051913,0.161531,0.017336,0.028624,0.066139,0.062911,0.11745,0.084008,1.288502,1.399343,1322.115421,1322.115421,752.517371,1043.637941,6960.0
520.542793,810.459936,810.459936,1140.810905,2162.96631,1124.774885,1042.145144,0.008443,0.0,0.0,0.097993,0.106448,0.710345,0.07677,870117.229288,530308.155152,806685.726037,-558.631077,-594845.074571,-75284.803334,1596051.633615,-1697847.066975,-34201.783695,1.2e-05,0.016277,0.017367,0.0,5.8e-05,0.0,0.96029,0.295022,0.052005,0.161521,0.017367,0.028675,0.066135,0.063022,0.117443,0.084003,1.289015,1.399847,1322.759167,1322.759167,753.333042,1044.751222,6990.0
520.54272,810.780409,810.780409,1140.911482,2163.179707,1124.835811,1042.198385,0.008443,0.0,0.0,0.097994,0.106461,0.710353,0.076748,872286.048479,531764.940251,808128.096707,-556.025557,-594209.454073,-75395.762607,1595953.503068,-1699652.059008,-34268.298531,1.2e-05,0.016283,0.017398,0.0,5.9e-05,0.0,0.960657,0.295135,0.052098,0.161511,0.017398,0.028726,0.066131,0.063135,0.117436,0.083998,1.289531,1.400356,1323.400159,1323.400159,754.141883,1045.856264,7020.0
520.542648,811.099517,811.099517,1141.011569,2163.392176,1124.896457,1042.251372,0.008444,0.0,0.0,0.097995,0.106474,0.710361,0.076726,874449.654844,533218.545134,809582.918027,-553.443322,-593583.08105,-75505.918437,1595852.418854,-1701458.267947,-34334.626125,1.2e-05,0.01629,0.017429,0.0,5.9e-05,0.0,0.961027,0.295249,0.052192,0.161501,0.017429,0.028778,0.066127,0.063249,0.117428,0.083992,1.290053,1.400869,1324.03842,1324.03842,754.94397,1046.953201,7050.0
520.542576,811.417272,811.417272,1141.111171,2163.603725,1124.956827,1042.304109,0.008444,0.0,0.0,0.097996,0.106487,0.71037,0.076704,876608.080513,534668.988209,811050.020221,-550.884067,-592965.838142,-75615.28412,1595748.422785,-1703265.668927,-34400.767751,1.2e-05,0.016296,0.017461,0.0,5.9e-05,0.0,0.9614,0.295363,0.052287,0.16149,0.017461,0.02883,0.066123,0.063363,0.117421,0.083987,1.290578,1.401386,1324.673974,1324.673974,755.739382,1048.04216,7080.0
520.542504,811.733684,811.733684,1141.210293,2163.814364,1125.016922,1042.356597,0.008444,0.0,0.0,0.097996,0.1065,0.710378,0.076682,878761.357292,536116.287706,812529.234661,-548.34749,-592357.609343,-75723.872586,1595641.556238,-1705074.236809,-34466.724669,1.2e-05,0.016302,0.017493,0.0,5.9e-05,0.0,0.961776,0.295479,0.052382,0.161479,0.017493,0.028883,0.066118,0.063479,0.117413,0.083981,1.291108,1.401908,1325.306843,1325.306843,756.528193,1049.123267,7110.0
520.542433,812.048766,812.048766,1141.308939,2164.024098,1125.076745,1042.408839,0.008444,0.0,0.0,0.097997,0.106513,0.710386,0.07666,880909.51667,537560.461681,814020.393882,-545.833295,-591758.27999,-75831.696424,1595531.860153,-1706883.946201,-34532.498126,1.2e-05,0.016309,0.017525,0.0,5.9e-05,0.0,0.962155,0.295595,0.052478,0.161468,0.017525,0.028936,0.066114,0.063595,0.117405,0.083975,1.291643,1.402434,1325.937051,1325.937051,757.31048,1050.196642,7140.0
520.542363,812.362528,812.362528,1141.407112,2164.232937,1125.136299,1042.460837,0.008444,0.0,0.0,0.097997,0.106526,0.710395,0.076638,883052.589821,539001.52802,815523.331616,-543.341192,-591167.736748,-75938.767884,1595419.375042,-1708694.77148,-34598.089353,1.2e-05,0.016315,0.017557,0.0,5.9e-05,0.0,0.962537,0.295713,0.052575,0.161457,0.017557,0.028989,0.066109,0.063713,0.117397,0.083969,1.292181,1.402963,1326.564619,1326.564619,758.086317,1051.262407,7170.0
0.0,0.0,0.0,0.0,0.0,0.0,0.0,0.008444,0.0,0.0,0.097998,0.106539,0.710404,0.076615,885190.607609,540439.504442,817037.882802,-540.870896,-590585.867603,-76045.0989,1595304.140984,-1710506.686816,-34663.499571,1.2e-05,0.016322,0.01759,0.0,5.9e-05,0.0,0.962923,0.295831,0.052673,0.161445,0.01759,0.029043,0.066104,0.063831,0.117388,0.083963,1.292724,1.403497,1327.189569,1327.189569,758.855778,1052.320676,7200.0
